channel,index,raw,filtered
1,0,383,382.2832579185522
1,1,383,383.3936651583711
1,2,383,384.3348416289594
1,3,385,385.6633484162897
1,4,385,387.39366515837116
1,5,392,389.0108597285069
1,6,392,390.2036199095023
1,7,391,391.260633484163
1,8,391,392.4027149321268
1,9,395,393.1095022624435
1,10,395,393.5402714932128
1,11,392,394.1366515837105
1,12,392,394.1402714932127
1,13,395,394.2452488687784
1,14,395,394.3457013574662
1,15,394,394.2760180995476
1,16,396,394.0705882352942
1,17,396,394.3176470588237
1,18,392,394.60542986425355
1,19,392,394.52760180995483
1,20,395,394.2778280542988
1,21,395,394.18280542986435
1,22,395,394.1692307692309
1,23,395,394.1692307692309
1,24,394,394.39185520362
1,25,394,394.6434389140271
1,26,394,394.5176470588237
1,27,394,394.4814479638009
1,28,395,394.53484162895944
1,29,395,394.5638009049776
1,30,394,394.4660633484163
1,31,394,394.2778280542987
1,32,395,394.0380090497739
1,33,395,393.5855203619911
1,34,392,392.8950226244345
1,35,392,392.1411764705884
1,36,391,391.639819004525
1,37,391,391.1067873303169
1,38,391,390.466968325792
1,39,389,389.8452488687784
1,40,389,389.43438914027155
1,41,390,389.2271493212672
1,42,390,388.8009049773757
1,43,388,388.5330316742083
1,44,388,388.3122171945703
1,45,388,388.2271493212671
1,46,388,388.3665158371042
1,47,388,388.34208144796395
1,48,388,388.4452488687784
1,49,389,388.56470588235305
1,50,389,388.66606334841634
1,51,389,388.64977375565616
1,52,389,388.4162895927603
1,53,388,388.1429864253394
1,54,388,387.60723981900463
1,55,386,386.7927601809956
1,56,386,385.88325791855215
1,57,386,385.20361990950244
1,58,384,384.4787330316744
1,59,384,383.710407239819
1,60,382,383.1004524886879
1,61,382,382.7149321266969
1,62,383,382.41990950226256
1,63,383,381.86968325791867
1,64,381,381.5185520361993
1,65,381,381.33212669683274
1,66,382,381.19909502262453
1,67,382,381.19909502262453
1,68,380,381.19366515837106
1,69,380,381.37647058823546
1,70,382,381.87963800904987
1,71,382,382.37375565610876
1,72,383,382.67058823529425
1,73,383,382.7819004524888
1,74,384,382.7846153846156
1,75,384,382.7556561085974
1,76,383,382.42714932126705
1,77,381,381.9312217194571
1,78,381,381.6063348416292
1,79,380,381.19095022624447
1,80,380,380.771040723982
1,81,381,380.4325791855204
1,82,381,380.2615384615386
1,83,381,380.34389140271503
1,84,381,380.48868778280547
1,85,380,380.6280542986426
1,86,380,380.9556561085974
1,87,381,381.18552036199105
1,88,381,381.3701357466065
1,89,382,381.62986425339375
1,90,382,381.8850678733032
1,91,383,382.0561085972851
1,92,383,382.26334841628966
1,93,382,382.350226244344
1,94,382,382.36018099547533
1,95,382,382.3339366515837
1,96,382,382.3122171945703
1,97,382,382.4063348416291
1,98,383,382.52760180995483
1,99,383,382.6552036199096
1,100,383,382.9683257918553
1,101,383,383.2307692307693
1,102,384,383.60633484162906
1,103,384,383.8380090497738
1,104,384,384.26877828054324
1,105,384,384.9674208144797
1,106,386,385.7411764705883
1,107,386,386.33303167420814
1,108,387,386.956561085973
1,109,387,387.5484162895929
1,110,390,388.11312217194575
1,111,390,388.65520361990957
1,112,388,389.04072398190056
1,113,388,389.3357466063349
1,114,390,389.6742081447964
1,115,390,389.9900452488689
1,116,390,390.35837104072414
1,117,391,390.654298642534
1,118,391,391.0977375565612
1,119,392,391.70859728506804
1,120,392,392.1647058823531
1,121,393,392.4733031674209
1,122,393,392.97737556561094
1,123,393,394.04615384615386
1,124,393,394.5900452488689
1,125,395,394.7656108597287
1,126,395,394.6000000000001
1,127,395,394.12941176470605
1,128,396,392.6932126696835
1,129,396,391.639819004525
1,130,388,390.87149321266986
1,131,388,390.2904977375566
1,132,388,389.99909502262454
1,133,387,390.16742081447967
1,134,387,390.7656108597286
1,135,396,391.7665158371042
1,136,396,393.281447963801
1,137,396,395.15113122171954
1,138,397,396.3791855203621
1,139,397,397.43076923076933
1,140,398,398.2063348416291
1,141,398,398.4678733031675
1,142,398,398.1773755656109
1,143,398,398.47239819004534
1,144,399,398.69049773755677
1,145,399,398.80452488687797
1,146,399,398.9257918552038
1,147,399,398.8950226244345
1,148,399,399.03257918552066
1,149,399,399.1203619909504
1,150,399,399.1493212669685
1,151,399,399.11040723981915
1,152,399,399.13303167420827
1,153,399,399.1466063348418
1,154,400,399.22171945701365
1,155,399,399.22895927601826
1,156,399,399.1067873303169
1,157,399,398.9936651583711
1,158,399,398.96018099547524
1,159,399,398.87692307692305
1,160,399,398.6823529411766
1,161,398,398.51493212669703
1,162,398,398.58371040723995
1,163,399,398.5592760180997
1,164,399,398.8742081447965
1,165,398,398.89049773755676
1,166,398,398.9447963800905
1,167,399,398.5737556561089
1,168,399,397.9384615384616
1,169,398,396.86153846153866
1,170,398,395.5746606334842
1,171,393,394.17737556561093
1,172,393,392.70769230769235
1,173,389,391.2063348416291
1,174,389,389.71402714932134
1,175,388,388.6190045248869
1,176,388,387.7095022624434
1,177,387,386.9122171945702
1,178,387,386.55384615384634
1,179,387,386.1303167420816
1,180,386,385.93755656108607
1,181,386,385.5031674208146
1,182,384,385.1547511312219
1,183,384,384.8696832579187
1,184,385,384.62533936651596
1,185,385,384.32850678733047
1,186,384,384.08597285067884
1,187,384,383.9339366515838
1,188,384,383.8407239819006
1,189,384,383.7746606334843
1,190,383,383.4244343891405
1,191,383,383.07873303167435
1,192,383,382.95565610859745
1,193,383,382.87330316742094
1,194,383,382.72036199095027
1,195,382,382.58552036199103
1,196,382,382.55746606334856
1,197,383,382.5248868778282
1,198,383,382.37647058823546
1,199,382,382.20090497737567
1,200,382,381.94570135746613
1,201,382,381.75837104072406
1,202,382,381.64796380090513
1,203,381,381.48506787330325
1,204,381,381.2696832579187
1,205,381,381.26968325791864
1,206,381,381.4144796380092
1,207,382,381.5656108597286
1,208,382,381.7140271493214
1,209,382,381.9800904977377
1,210,382,382.4162895927602
1,211,383,382.73665158371045
1,212,383,382.92307692307696
1,213,383,383.1574660633484
1,214,383,383.2832579185522
1,215,384,383.35022624434396
1,216,384,383.40814479638016
1,217,383,383.43891402714945
1,218,383,383.42443438914034
1,219,384,383.4850678733033
1,220,383,383.54117647058837
1,221,383,383.5837104072398
1,222,384,383.6036199095024
1,223,384,383.6597285067875
1,224,384,383.81085972850684
1,225,384,383.98009049773776
1,226,384,384.0904977375567
1,227,384,384.2009049773758
1,228,384,384.2316742081447
1,229,384,384.16470588235296
1,230,385,384.2497737556562
1,231,385,384.3276018099549
1,232,384,384.50950226244356
1,233,384,384.8389140271494
1,234,385,385.15927601809955
1,235,385,385.45248868778293
1,236,386,385.7004524886879
1,237,386,385.8144796380092
1,238,387,386.0443438914028
1,239,387,386.30135746606345
1,240,386,386.4289592760182
1,241,386,386.47058823529426
1,242,386,386.46696832579204
1,243,386,386.45882352941186
1,244,387,386.5574660633486
1,245,387,386.6742081447966
1,246,387,386.92941176470606
1,247,387,387.24343891402725
1,248,387,387.46877828054306
1,249,388,387.6675089616265
1,250,388,387.8191808191807
1,251,388,387.98057498057494
1,252,388,388.1013986013989
1,253,388,388.09976689976685
1,254,388,387.9898989898981
1,255,388,388.0606060606062
1,256,388,385.0407239819005
1,257,388,386.04343891402726
1,258,388,387.012669683258
1,259,388,387.8760180995476
1,260,388,388.4995475113124
1,261,388,388.8199095022625
1,262,388,388.77375565610885
1,263,389,388.2271493212671
1,264,389,388.2153846153847
1,265,388,388.30588235294135
1,266,388,388.3601809954752
1,267,388,388.44886877828066
1,268,388,388.4425339366517
1,269,388,388.27963800904985
1,270,389,388.0986425339368
1,271,389,388.10859728506796
1,272,388,388.11855203619916
1,273,388,388.0081447963803
1,274,387,387.85701357466087
1,275,387,387.67420814479647
1,276,388,387.4687782805431
1,277,388,387.24977375565635
1,278,387,387.164705882353
1,279,387,387.16108597285074
1,280,387,387.11855203619916
1,281,387,387.116742081448
1,282,387,387.02624434389145
1,283,387,386.91764705882366
1,284,387,386.8588235294119
1,285,387,386.9176470588237
1,286,387,387.02624434389156
1,287,387,387.1167420814481
1,288,387,387.25972850678744
1,289,387,387.32579185520376
1,290,387,387.3945701357467
1,291,388,387.3457013574661
1,292,388,387.2678733031676
1,293,387,387.0497737556562
1,294,387,386.64796380090513
1,295,386,386.2190045248871
1,296,386,385.8515837104074
1,297,385,385.43438914027155
1,298,385,385.06515837104075
1,299,384,384.70950226244366
1,300,384,384.47149321266977
1,301,385,384.3194570135748
1,302,385,384.22171945701365
1,303,384,384.07601809954764
1,304,384,383.98009049773765
1,305,383,383.8226244343892
1,306,384,383.69230769230785
1,307,384,383.53936651583723
1,308,383,383.31402714932136
1,309,383,383.1728506787332
1,310,383,383.0723981900454
1,311,383,382.9013574660634
1,312,383,382.74841628959297
1,313,383,382.5638009049774
1,314,382,382.4361990950228
1,315,382,382.32217194570154
1,316,382,382.1104072398191
1,317,382,381.88959276018113
1,318,382,381.6778280542987
1,319,382,381.5638009049775
1,320,381,381.43619909502274
1,321,381,381.3221719457015
1,322,381,381.1104072398191
1,323,381,380.8895927601811
1,324,381,380.6778280542988
1,325,381,380.4226244343893
1,326,380,380.27149321266984
1,327,380,380.09230769230777
1,328,380,380.01447963800916
1,329,380,380.0904977375566
1,330,380,380.30226244343896
1,331,380,380.63167420814494
1,332,381,381.34298642533946
1,333,381,381.9004524886879
1,334,383,382.1837104072399
1,335,383,382.27239819004535
1,336,383,382.17556561085985
1,337,383,381.902262443439
1,338,383,381.39095022624446
1,339,379,380.7800904977376
1,340,379,380.27873303167445
1,341,379,379.69592760181007
1,342,379,379.3266968325794
1,343,379,379.0660633484164
1,344,379,378.87963800904987
1,345,380,378.9330316742083
1,346,380,379.18280542986446
1,347,379,379.23167420814485
1,348,379,379.4144796380092
1,349,379,379.58371040723983
1,350,379,379.5891402714933
1,351,380,379.7511312217197
1,352,380,379.9131221719459
1,353,381,380.12488687782826
1,354,381,380.4361990950226
1,355,380,380.69049773755665
1,356,380,380.93122171945714
1,357,382,381.13122171945724
1,358,381,381.2633484162897
1,359,381,381.36832579185534
1,360,382,381.4868778280545
1,361,382,381.73031674208164
1,362,382,382.0099547511315
1,363,382,382.09864253393675
1,364,382,382.1692307692309
1,365,382,382.53303167420813
1,366,383,382.76289592760185
1,367,383,382.9113122171947
1,368,383,383.0986425339367
1,369,383,383.2452488687784
1,370,384,383.34208144796395
1,371,384,383.3095022624436
1,372,383,383.2678733031675
1,373,383,383.1990950226246
1,374,383,383.1529411764707
1,375,383,383.1791855203621
1,376,383,383.25972850678744
1,377,383,383.37647058823546
1,378,384,383.64977375565616
1,379,384,384.0000000000001
1,380,384,384.2796380090498
1,381,385,384.5411764705884
1,382,385,384.7665158371042
1,383,385,384.93755656108607
1,384,385,384.96561085972866
1,385,385,384.96199095022627
1,386,385,385.10859728506796
1,387,385,385.18733031674213
1,388,385,385.1891402714934
1,389,385,385.2434389140273
1,390,385,385.20904977375574
1,391,386,385.21538461538466
1,392,386,385.2533936651585
1,393,385,385.3140271493213
1,394,385,385.38823529411764
1,395,385,385.46696832579187
1,396,385,385.5411764705883
1,397,386,385.53122171945716
1,398,386,385.5574660633486
1,399,386,385.7402714932126
1,400,386,386.0000000000001
1,401,386,386.18914027149333
1,402,386,386.3601809954752
1,403,386,386.5656108597286
1,404,387,386.6579185520362
1,405,387,386.6959276018101
1,406,387,386.73846153846165
1,407,387,386.7058823529413
1,408,387,386.7185520361991
1,409,387,386.82895927601817
1,410,386,386.8895927601811
1,411,386,386.89140271493227
1,412,387,386.9638009049774
1,413,387,387.0361990950227
1,414,388,387.03800904977385
1,415,388,387.09864253393675
1,416,387,387.27963800904985
1,417,387,387.44253393665167
1,418,387,387.3782805429866
1,419,387,387.27782805429877
1,420,387,387.1909502262445
1,421,388,387.16742081447967
1,422,388,387.39819004524895
1,423,387,387.67420814479647
1,424,387,387.85701357466087
1,425,388,388.0081447963802
1,426,388,388.11855203619916
1,427,389,388.1791855203621
1,428,389,388.18099547511326
1,429,388,388.2533936651585
1,430,388,388.25520361990965
1,431,388,388.17737556561104
1,432,388,388.1429864253395
1,433,388,388.1429864253395
1,434,388,388.1067873303169
1,435,388,388.17285067873314
1,436,388,388.27963800904996
1,437,389,388.2977375565611
1,438,389,388.2977375565611
1,439,388,388.27963800904996
1,440,388,388.24343891402725
1,441,388,388.1891402714934
1,442,388,388.116742081448
1,443,388,388.02624434389156
1,444,388,387.91764705882366
1,445,388,387.929411764706
1,446,388,388.0000000000001
1,447,388,388.0000000000001
1,448,388,388.0000000000001
1,449,388,388.07058823529417
1,450,388,388.08235294117657
1,451,388,387.9737556561087
1,452,388,387.88325791855215
1,453,388,387.81085972850684
1,454,388,387.7565610859731
1,455,388,387.7203619909502
1,456,387,387.7728506787331
1,457,387,387.7846153846155
1,458,388,387.83529411764727
1,459,388,387.80452488687797
1,460,388,387.7104072398191
1,461,388,387.571040723982
1,462,388,387.4751131221721
1,463,387,387.3113122171947
1,464,387,387.0389140271494
1,465,386,386.61719457013584
1,466,386,386.21176470588233
1,467,386,385.78823529411767
1,468,386,385.3828054298644
1,469,385,385.03167420814486
1,470,385,384.771040723982
1,471,384,384.49864253393673
1,472,384,384.171040723982
1,473,384,383.935746606335
1,474,384,383.9339366515838
1,475,384,384.03619909502277
1,476,384,384.3221719457014
1,477,384,384.46244343891425
1,478,384,384.66606334841634
1,479,386,384.935746606335
1,480,386,385.0742081447965
1,481,385,385.1610859728508
1,482,385,385.0760180995477
1,483,384,384.7665158371041
1,484,385,384.3800904977376
1,485,385,384.06696832579206
1,486,383,383.57737556561096
1,487,383,383.2153846153848
1,488,382,382.88506787330334
1,489,382,382.56380090497754
1,490,383,382.2289592760182
1,491,383,381.7167420814481
1,492,381,381.4018099547513
1,493,381,381.2497737556562
1,494,381,381.01990950226264
1,495,381,380.8714932126698
1,496,380,380.6841628959278
1,497,380,380.6081447963802
1,498,381,380.6615384615386
1,499,381,380.80090497737575
1,500,381,380.7764705882354
1,501,381,380.73846153846165
1,502,381,380.69592760180996
1,503,381,380.65791855203634
1,504,380,380.49502262443445
1,505,380,380.2454604219309
1,506,380,380.0749250749248
1,507,380,379.95193695193683
1,508,380,379.92540792540797
1,509,380,380.01118881118884
1,510,380,380.0808080808074
1,511,380,379.99999999999983
1,512,380,380.50678733031685
1,513,380,380.34841628959293
1,514,380,380.1447963800906
1,515,380,380.0343891402715
1,516,380,379.95565610859734
1,517,380,379.91764705882366
1,518,380,379.8588235294117
1,519,380,379.9882352941177
1,520,380,380.03800904977385
1,521,380,380.0081447963801
1,522,380,380.0280542986426
1,523,380,380.08868778280555
1,524,380,380.1809954751132
1,525,381,380.2959276018101
1,526,380,380.42443438914046
1,527,380,380.48687782805445
1,528,381,380.60361990950236
1,529,381,380.7565610859729
1,530,381,380.85701357466064
1,531,381,381.0162895927602
1,532,381,380.71312217194577
1,533,381,380.96470588235314
1,534,382,381.4805429864255
1,535,382,382.1701357466064
1,536,382,383.21085972850693
1,537,383,384.93574660633504
1,538,383,386.34841628959293
1,539,390,387.42171945701364
1,540,390,388.1285067873304
1,541,390,388.4416289592762
1,542,391,388.4723981900454
1,543,391,388.0615384615386
1,544,384,387.32036199095023
1,545,384,386.2895927601811
1,546,384,385.0099547511314
1,547,384,384.4941176470589
1,548,384,384.1547511312219
1,549,384,383.96651583710417
1,550,385,384.24253393665174
1,551,385,384.95746606334853
1,552,386,385.2579185520363
1,553,386,385.4904977375566
1,554,385,385.64615384615394
1,555,385,385.7158371040725
1,556,386,385.6199095022626
1,557,386,385.47873303167427
1,558,386,385.4832579185521
1,559,385,385.42443438914034
1,560,385,385.37013574660637
1,561,385,385.38823529411775
1,562,385,385.26968325791876
1,563,386,385.2054298642535
1,564,386,385.24524886877845
1,565,385,385.43891402714945
1,566,385,385.8389140271494
1,567,386,386.15927601809966
1,568,386,386.3819004524888
1,569,387,386.61809954751135
1,570,387,386.84072398190057
1,571,388,387.09049773755675
1,572,388,387.40814479638016
1,573,387,387.6986425339368
1,574,387,387.86696832579196
1,575,388,388.0244343891403
1,576,388,388.08235294117657
1,577,388,388.0904977375566
1,578,389,388.0986425339368
1,579,389,388.2977375565611
1,580,388,388.47873303167444
1,581,388,388.5031674208146
1,582,388,388.4325791855205
1,583,388,388.39638009049787
1,584,389,388.3239819004526
1,585,389,388.28597285067895
1,586,388,388.2914027149323
1,587,388,388.217194570136
1,588,388,388.07239819004536
1,589,388,387.998190045249
1,590,388,387.8651583710408
1,591,388,387.68235294117653
1,592,387,387.59728506787354
1,593,387,387.5574660633485
1,594,388,387.51312217194584
1,595,388,387.4144796380092
1,596,387,387.35022624434407
1,597,387,387.20904977375574
1,598,387,387.01809954751144
1,599,387,386.8045248868779
1,600,387,386.45701357466066
1,601,386,386.06425339366524
1,602,386,385.78280542986437
1,603,385,385.56923076923084
1,604,385,385.38280542986433
1,605,385,385.18280542986446
1,606,385,384.9963800904979
1,607,385,384.85067873303177
1,608,385,384.8434389140272
1,609,385,384.7339366515837
1,610,385,384.6199095022625
1,611,384,384.3900452488689
1,612,384,384.2742081447966
1,613,384,384.031674208145
1,614,384,383.69864253393683
1,615,383,383.3113122171947
1,616,383,382.9058823529413
1,617,383,382.51855203619925
1,618,383,382.18552036199105
1,619,381,381.8045248868779
1,620,381,381.47330316742097
1,621,381,381.21900452488694
1,622,381,381.06877828054303
1,623,381,380.98190045248884
1,624,381,380.91764705882366
1,625,381,380.9031674208146
1,626,381,380.9656108597287
1,627,381,380.85520361990956
1,628,381,380.72217194570146
1,629,381,380.5755656108597
1,630,380,380.42443438914034
1,631,380,380.27782805429877
1,632,380,380.1447963800906
1,633,380,380.1049773755658
1,634,380,379.9674208144798
1,635,380,379.87963800904987
1,636,380,379.8506787330319
1,637,380,379.8895927601811
1,638,380,379.8669683257919
1,639,380,379.8533936651585
1,640,379,379.84886877828075
1,641,380,379.8533936651584
1,642,380,379.7963800904978
1,643,380,379.8072398190046
1,644,380,379.8769230769233
1,645,380,379.99638009049784
1,646,380,380.156561085973
1,647,380,380.34841628959293
1,648,380,380.42443438914034
1,649,381,380.5755656108597
1,650,381,380.65158371040735
1,651,381,380.7728506787331
1,652,381,380.92126696832594
1,653,381,381.07873303167423
1,654,381,381.22714932126706
1,655,381,381.2778280542987
1,656,381,381.3420814479639
1,657,382,381.46063348416305
1,658,382,381.6742081447965
1,659,382,381.9556561085974
1,660,382,382.2778280542987
1,661,382,382.68416289592767
1,662,383,383.0180995475114
1,663,383,383.40271493212674
1,664,384,383.5610859728509
1,665,384,383.63167420814483
1,666,384,383.5529411764707
1,667,384,383.3339366515839
1,668,383,382.98371040724004
1,669,383,382.51131221719476
1,670,381,382.0642533936653
1,671,381,381.5194570135748
1,672,381,381.16289592760194
1,673,381,380.94208144796386
1,674,381,380.875113122172
1,675,381,380.9800904977377
1,676,381,381.0660633484165
1,677,381,381.3420814479639
1,678,382,381.5312217194571
1,679,382,381.7565610859729
1,680,382,381.92941176470595
1,681,382,382.16108597285086
1,682,382,382.42443438914034
1,683,383,382.6923076923078
1,684,383,382.79638009049785
1,685,383,382.9683257918553
1,686,383,383.30135746606345
1,687,384,383.68868778280546
1,688,384,384.0235294117649
1,689,384,384.3990950226246
1,690,384,384.6995475113123
1,691,386,385.1475113122173
1,692,386,385.41538461538465
1,693,386,385.84615384615404
1,694,386,386.3674208144797
1,695,387,387.1158371040726
1,696,387,387.8280542986426
1,697,388,388.44977375565617
1,698,388,388.92669683257924
1,699,391,389.34027149321287
1,700,391,389.7719457013576
1,701,391,390.1674208144797
1,702,390,390.4723981900454
1,703,390,390.70045248868786
1,704,390,390.8651583710409
1,705,390,390.9095022624436
1,706,392,390.9764705882355
1,707,392,391.41809954751136
1,708,392,391.9864253393666
1,709,392,392.57466063348437
1,710,393,393.1375565610862
1,711,393,393.6208144796381
1,712,395,394.0995475113123
1,713,395,394.439819004525
1,714,395,394.9846153846155
1,715,395,395.6090497737558
1,716,396,396.0588235294118
1,717,396,396.41809954751136
1,718,397,396.8416289592761
1,719,397,397.0841628959278
1,720,398,397.3158371040725
1,721,398,397.5067873303169
1,722,397,397.6298642533937
1,723,398,397.65791855203634
1,724,398,397.70226244343905
1,725,397,397.6742081447965
1,726,397,397.6235294117647
1,727,398,397.6000000000001
1,728,398,397.72398190045266
1,729,398,397.9158371040725
1,730,398,398.09864253393675
1,731,398,398.33393665158394
1,732,398,398.55113122171963
1,733,399,398.61176470588254
1,734,399,398.57737556561113
1,735,399,398.57737556561113
1,736,399,399.31764705882375
1,737,398,399.6570135746609
1,738,398,399.1773755656111
1,739,398,398.01447963800916
1,740,398,396.3040723981902
1,741,398,394.32036199095035
1,742,398,391.1493212669684
1,743,387,388.7475113122173
1,744,383,387.13303167420815
1,745,383,386.185520361991
1,746,383,385.98461538461555
1,747,383,386.5393665158372
1,748,383,387.92941176470595
1,749,397,390.03438914027157
1,750,397,392.9429864253395
1,751,397,395.0208144796381
1,752,397,396.4886877828056
1,753,397,397.39095022624457
1,754,397,397.6986425339368
1,755,396,397.1828054298644
1,756,396,395.894117647059
1,757,395,395.2805429864254
1,758,395,394.66696832579197
1,759,394,394.37194570135773
1,760,394,393.91402714932144
1,761,393,393.4658870541221
1,762,393,393.05594405594394
1,763,391,392.6309246309247
1,764,393,392.124708624709
1,765,393,391.53053613053623
1,766,389,390.44444444444366
1,767,389,388.48484848484856
1,768,388,385.1592760180997
1,769,388,386.09592760181005
1,770,388,386.75656108597286
1,771,388,387.16380090497745
1,772,387,387.34027149321275
1,773,387,387.38190045248876
1,774,386,386.9846153846155
1,775,386,386.0506787330318
1,776,385,385.6515837104074
1,777,385,385.4615384615387
1,778,386,385.24886877828067
1,779,386,385.05882352941177
1,780,384,384.79819004524904
1,781,384,384.5737556561087
1,782,385,384.2832579185522
1,783,385,384.0244343891404
1,784,383,383.8271493212671
1,785,383,383.5212669683259
1,786,383,383.2108597285068
1,787,383,383.00000000000006
1,788,383,382.7185520361992
1,789,383,382.39638009049787
1,790,383,382.12850678733037
1,791,381,382.0099547511313
1,792,381,381.79095022624443
1,793,382,381.6217194570136
1,794,382,381.4407239819006
1,795,381,381.3864253393667
1,796,381,381.60000000000014
1,797,382,381.610859728507
1,798,382,381.8253393665159
1,799,382,381.9574660633486
1,800,382,382.1212669683259
1,801,383,382.3574660633487
1,802,383,382.7067873303169
1,803,381,383.0742081447964
1,804,384,383.3647058823532
1,805,384,383.619004524887
1,806,384,383.87782805429873
1,807,384,384.25520361990965
1,808,385,384.46515837104084
1,809,385,384.42533936651586
1,810,384,384.45339366515844
1,811,384,384.24524886877833
1,812,385,384.3122171945703
1,813,385,384.4244343891404
1,814,383,384.5638009049776
1,815,383,384.50045248868787
1,816,386,384.74298642533955
1,817,386,385.1846153846154
1,818,386,385.6506787330318
1,819,386,386.1665158371042
1,820,386,386.82533936651595
1,821,386,387.5203619909502
1,822,389,387.9384615384616
1,823,389,388.0253393665161
1,824,389,388.4009049773756
1,825,389,388.8081447963802
1,826,389,389.0606334841629
1,827,389,389.37194570135756
1,828,389,389.60814479638015
1,829,389,389.83529411764715
1,830,391,390.39638009049787
1,831,391,391.0343891402716
1,832,391,391.562895927602
1,833,393,392.1954751131223
1,834,393,392.79819004524904
1,835,394,393.43710407239826
1,836,394,394.03981900452493
1,837,394,394.5339366515837
1,838,394,395.1239819004525
1,839,396,395.61447963800913
1,840,396,395.9511312217196
1,841,397,396.35656108597294
1,842,397,396.5122171945702
1,843,397,396.7791855203621
1,844,397,397.1122171945702
1,845,397,397.2660633484164
1,846,397,397.3339366515838
1,847,397,397.61809954751135
1,848,397,397.82081447963816
1,849,399,398.06244343891416
1,850,399,398.2633484162897
1,851,398,398.4144796380092
1,852,399,398.5067873303168
1,853,399,398.46063348416294
1,854,398,398.39638009049787
1,855,398,398.2959276018102
1,856,398,398.1411764705883
1,857,398,398.19095022624447
1,858,398,398.30407239819027
1,859,398,398.342081447964
1,860,399,398.5049773755657
1,861,399,398.79276018099563
1,862,399,398.9375565610862
1,863,399,399.00995475113143
1,864,399,398.9393665158373
1,865,399,398.8552036199097
1,866,399,398.819004524887
1,867,399,398.69230769230796
1,868,398,398.6135746606336
1,869,398,398.52126696832573
1,870,398,398.4244343891404
1,871,399,398.3321266968327
1,872,399,398.1828054298644
1,873,398,398.11493212669694
1,874,398,398.1990950226246
1,875,398,398.30588235294135
1,876,398,398.30588235294124
1,877,398,398.26968325791864
1,878,398,398.19728506787345
1,879,399,398.2271493212671
1,880,399,398.2977375565611
1,881,398,398.2796380090501
1,882,398,398.31402714932153
1,883,398,398.2714932126698
1,884,398,398.302262443439
1,885,398,398.15656108597295
1,886,398,397.79095022624443
1,887,398,397.571040723982
1,888,398,397.32398190045257
1,889,397,397.0180995475114
1,890,397,396.6217194570137
1,891,395,396.171040723982
1,892,395,395.702262443439
1,893,396,395.39276018099565
1,894,395,395.0199095022626
1,895,395,394.70859728506804
1,896,394,394.38371040723996
1,897,394,394.04072398190056
1,898,394,393.67511312217204
1,899,394,393.07330316742093
1,900,392,392.42171945701364
1,901,392,392.11583710407245
1,902,391,391.61266968325793
1,903,391,391.05520361990955
1,904,390,390.377375565611
1,905,390,389.78371040723994
1,906,390,389.2081447963803
1,907,390,388.6524886877829
1,908,387,388.0416289592762
1,909,387,387.63257918552046
1,910,387,387.0615384615387
1,911,387,386.70316742081457
1,912,386,386.65791855203634
1,913,386,386.6262443438915
1,914,387,386.65339366515843
1,915,387,386.7846153846155
1,916,386,386.79095022624443
1,917,388,386.64343891402723
1,918,388,386.3782805429865
1,919,385,386.0316742081449
1,920,385,385.5719457013576
1,921,385,384.9674208144798
1,922,385,384.3927601809954
1,923,383,383.8226244343893
1,924,383,383.1638009049776
1,925,383,382.8000000000002
1,926,383,382.64434389140274
1,927,382,382.33574660633496
1,928,382,382.1131221719458
1,929,382,382.0036199095024
1,930,382,382.03438914027174
1,931,382,381.95565610859745
1,932,382,381.9176470588237
1,933,382,381.929411764706
1,934,382,382.0000000000002
1,935,382,382.0000000000002
1,936,382,381.929411764706
1,937,382,381.91764705882366
1,938,382,381.88506787330334
1,939,382,381.95203619909506
1,940,382,382.0298642533937
1,941,382,382.22986425339394
1,942,382,382.38371040723996
1,943,383,382.7230769230771
1,944,383,383.20271493212687
1,945,384,383.70678733031696
1,946,384,384.3194570135747
1,947,385,385.05701357466074
1,948,385,385.73574660633506
1,949,387,386.310407239819
1,950,387,386.73574660633494
1,951,387,387.0343891402716
1,952,388,387.22895927601826
1,953,388,387.412669683258
1,954,387,387.4787330316744
1,955,387,387.5294117647059
1,956,387,387.53755656108603
1,957,387,387.6235294117648
1,958,388,387.5755656108598
1,959,388,387.5230769230769
1,960,388,387.45429864253407
1,961,388,387.55746606334856
1,962,388,387.6054298642535
1,963,387,387.7710407239821
1,964,387,387.9475113122173
1,965,388,388.2280542986426
1,966,388,388.6352941176473
1,967,390,389.1918552036201
1,968,390,389.7113122171947
1,969,391,390.40723981900464
1,970,391,391.14570135746607
1,971,392,391.85429864253405
1,972,392,392.59276018099564
1,973,393,393.28868778280554
1,974,393,393.737556561086
1,975,395,394.2823529411766
1,976,395,394.79819004524904
1,977,396,395.23981900452503
1,978,396,395.3592760180997
1,979,395,395.5176470588236
1,980,395,395.66968325791873
1,981,396,395.708597285068
1,982,396,395.66606334841634
1,983,395,395.8533936651586
1,984,395,395.98190045248873
1,985,397,396.1104072398191
1,986,397,396.2977375565612
1,987,396,396.39638009049776
1,988,397,396.45882352941186
1,989,397,396.5348416289594
1,990,396,396.6742081447965
1,991,396,396.7909502262445
1,992,397,396.7990950226245
1,993,397,396.9574660633486
1,994,397,397.12488687782815
1,995,397,397.0923076923077
1,996,398,397.1891402714933
1,997,398,397.40633484162913
1,998,397,397.46696832579204
1,999,397,397.4325791855206
1,1000,397,397.43257918552047
1,1001,397,397.39638009049787
1,1002,398,397.4651583710409
1,1003,398,397.38009049773774
1,1004,397,397.2977375565612
1,1005,397,397.17466063348434
1,1006,397,397.04072398190056
1,1007,397,396.72579185520374
1,1008,397,396.2660633484163
1,1009,395,395.69773755656115
1,1010,395,395.1954751131223
1,1011,395,394.7339366515838
1,1012,395,394.2199095022626
1,1013,393,393.76018099547525
1,1014,393,393.3909502262445
1,1015,393,393.14841628959283
1,1016,393,392.9981900452489
1,1017,393,392.82352941176447
1,1018,393,392.80219780219767
1,1019,393,392.91575091575095
1,1020,393,392.9160839160844
1,1021,393,393.01958041958034
1,1022,393,393.2828282828275
1,1023,394,393.8939393939393
1,1024,394,388.729411764706
1,1025,394,390.6886877828055
1,1026,394,392.2135746606336
1,1027,394,393.3520361990951
1,1028,394,393.9520361990951
1,1029,394,394.00271493212676
1,1030,392,393.29321266968344
1,1031,392,391.8217194570136
1,1032,390,391.18642533936656
1,1033,390,390.52398190045255
1,1034,390,389.88868778280556
1,1035,390,389.4760180995477
1,1036,389,389.0814479638011
1,1037,389,388.8479638009052
1,1038,388,388.4416289592762
1,1039,388,388.1375565610861
1,1040,388,387.59276018099547
1,1041,388,386.9321266968326
1,1042,386,386.3393665158372
1,1043,386,385.93031674208146
1,1044,385,385.4823529411765
1,1045,385,385.18190045248883
1,1046,384,384.806334841629
1,1047,384,384.5420814479639
1,1048,385,384.3049773755657
1,1049,385,384.21990950226257
1,1050,384,383.8642533936652
1,1051,384,383.5538461538463
1,1052,383,383.1864253393667
1,1053,383,382.8597285067875
1,1054,382,382.5330316742082
1,1055,382,382.1656108597287
1,1056,381,381.9230769230771
1,1057,382,381.7710407239821
1,1058,382,381.60723981900475
1,1059,382,381.5294117647061
1,1060,382,381.42624434389154
1,1061,381,381.38642533936667
1,1062,381,381.219004524887
1,1063,381,381.13303167420827
1,1064,381,380.99004524886874
1,1065,381,380.9900452488688
1,1066,381,380.99185520362005
1,1067,381,381.12488687782803
1,1068,381,381.2389140271495
1,1069,382,381.4452488687784
1,1070,382,381.84886877828063
1,1071,382,382.2841628959277
1,1072,382,382.5828054298644
1,1073,383,382.9058823529413
1,1074,383,383.33755656108605
1,1075,385,383.8235294117648
1,1076,385,384.30950226244363
1,1077,384,384.8796380090498
1,1078,384,385.4180995475115
1,1079,386,385.8090497737559
1,1080,387,386.1366515837105
1,1081,387,386.4144796380092
1,1082,387,386.6561085972852
1,1083,387,387.01357466063365
1,1084,387,387.43891402714945
1,1085,387,387.67782805429886
1,1086,388,387.8760180995476
1,1087,388,388.1764705882354
1,1088,389,388.660633484163
1,1089,389,389.14208144796385
1,1090,390,389.70497737556565
1,1091,390,390.22443438914036
1,1092,391,390.7755656108598
1,1093,391,391.29502262443447
1,1094,392,391.8579185520364
1,1095,392,392.3393665158371
1,1096,393,392.7529411764707
1,1097,393,393.1122171945702
1,1098,394,393.50135746606344
1,1099,394,393.8045248868779
1,1100,394,394.0443438914028
1,1101,394,394.2434389140273
1,1102,394,394.42443438914034
1,1103,395,394.6099547511314
1,1104,395,394.89321266968335
1,1105,395,395.1674208144797
1,1106,395,395.4642533936652
1,1107,396,395.8153846153847
1,1108,396,396.1846153846154
1,1109,397,396.53574660633495
1,1110,397,396.83257918552044
1,1111,397,397.17737556561104
1,1112,397,397.40180995475123
1,1113,398,397.60814479638015
1,1114,398,397.7601809954752
1,1115,398,397.96018099547524
1,1116,398,398.1104072398192
1,1117,398,398.3927601809956
1,1118,398,398.58914027149353
1,1119,399,398.6904977375568
1,1120,399,398.6877828054299
1,1121,399,398.7104072398191
1,1122,399,398.6877828054301
1,1123,399,398.61990950226254
1,1124,398,398.5067873303169
1,1125,398,398.4190045248871
1,1126,398,398.2271493212671
1,1127,398,398.07873303167423
1,1128,398,397.9212669683259
1,1129,398,397.84343891402733
1,1130,398,397.7339366515839
1,1131,398,397.61990950226254
1,1132,397,397.3900452488688
1,1133,397,397.2036199095023
1,1134,397,396.94932126696835
1,1135,397,396.65429864253394
1,1136,396,396.4162895927603
1,1137,396,396.13303167420815
1,1138,396,395.84072398190057
1,1139,396,395.5755656108599
1,1140,395,395.3764705882354
1,1141,395,395.0823529411765
1,1142,395,394.7384615384617
1,1143,394,394.39004524886883
1,1144,394,393.94389140271505
1,1145,394,393.57737556561096
1,1146,394,393.19728506787345
1,1147,392,393.27239819004546
1,1148,392,392.93303167420834
1,1149,392,392.3402714932128
1,1150,392,391.65520361990974
1,1151,392,390.70045248868803
1,1152,391,389.2841628959277
1,1153,391,388.35565610859743
1,1154,385,387.57194570135755
1,1155,385,386.7285067873304
1,1156,385,386.02081447963803
1,1157,384,385.7149321266969
1,1158,384,385.47692307692313
1,1159,389,385.3882352941178
1,1160,386,385.39185520362
1,1161,386,385.56018099547526
1,1162,386,385.26425339366534
1,1163,386,385.00723981900467
1,1164,383,384.66877828054317
1,1165,383,384.12850678733037
1,1166,383,383.46606334841647
1,1167,383,383.3828054298644
1,1168,384,383.164705882353
1,1169,384,382.9095022624436
1,1170,383,382.90316742081467
1,1171,383,383.1547511312217
1,1172,383,383.2579185520363
1,1173,383,383.40633484162913
1,1174,383,383.5819004524888
1,1175,383,383.7665158371042
1,1176,385,384.0805429864255
1,1177,385,384.37375565610864
1,1178,385,384.6280542986427
1,1179,385,384.8868778280544
1,1180,385,385.1230769230771
1,1181,385,385.3095022624435
1,1182,385,385.41900452488704
1,1183,385,385.4244343891405
1,1184,386,385.57556561085977
1,1185,386,385.6515837104074
1,1186,386,385.77285067873316
1,1187,386,385.921266968326
1,1188,386,386.0081447963802
1,1189,386,386.1447963800906
1,1190,386,386.30407239819016
1,1191,386,386.458823529412
1,1192,387,386.7203619909503
1,1193,387,387.0000000000001
1,1194,387,387.35022624434396
1,1195,388,387.6235294117648
1,1196,388,387.81085972850695
1,1197,388,387.9031674208146
1,1198,388,387.8208144796382
1,1199,388,387.68416289592784
1,1200,388,387.61357466063356
1,1201,387,387.52941176470614
1,1202,387,387.4226244343892
1,1203,387,387.4226244343893
1,1204,387,387.458823529412
1,1205,388,387.5312217194572
1,1206,388,387.6398190045249
1,1207,388,387.7846153846155
1,1208,388,388.03619909502277
1,1209,388,388.1266968325793
1,1210,388,388.1266968325793
1,1211,388,388.10678733031693
1,1212,388,387.9375565610862
1,1213,388,387.7665158371043
1,1214,388,387.5411764705884
1,1215,387,387.3502262443441
1,1216,387,387.08235294117657
1,1217,387,386.69411764705893
1,1218,386,386.3420814479639
1,1219,386,386.11493212669694
1,1220,386,385.90135746606353
1,1221,386,385.72850678733045
1,1222,385,385.6235294117649
1,1223,385,385.47511312217193
1,1224,386,385.3719457013575
1,1225,386,385.40271493212686
1,1226,385,385.3176470588236
1,1227,385,385.27601809954757
1,1228,385,385.1665158371041
1,1229,385,385.0162895927603
1,1230,385,384.7140271493214
1,1231,385,384.41900452488693
1,1232,384,384.1583710407241
1,1233,384,383.8977375565612
1,1234,383,383.5348416289593
1,1235,383,383.1674208144797
1,1236,383,382.82262443438924
1,1237,383,382.5276018099548
1,1238,382,382.3095022624436
1,1239,382,382.1954751131223
1,1240,382,382.0742081447965
1,1241,382,382.03438914027174
1,1242,382,381.95565610859745
1,1243,382,381.9176470588237
1,1244,382,382.00000000000006
1,1245,382,382.0823529411765
1,1246,382,382.0443438914028
1,1247,382,381.96561085972866
1,1248,382,381.8552036199097
1,1249,382,381.72217194570146
1,1250,382,381.5755656108598
1,1251,381,381.42443438914034
1,1252,381,381.27782805429877
1,1253,381,381.1447963800905
1,1254,381,381.0343891402715
1,1255,381,380.9556561085974
1,1256,381,380.91764705882366
1,1257,381,380.929411764706
1,1258,381,381.0000000000001
1,1259,381,381.0000000000001
1,1260,381,381.0000000000001
1,1261,381,381.0000000000001
1,1262,381,381.0000000000001
1,1263,381,381.0000000000001
1,1264,381,381.0000000000001
1,1265,381,381.0000000000001
1,1266,381,381.0000000000001
1,1267,381,380.9294117647059
1,1268,381,380.91764705882366
1,1269,381,380.9556561085974
1,1270,381,381.0343891402717
1,1271,381,381.1447963800908
1,1272,381,381.2778280542987
1,1273,381,381.43585825938754
1,1274,382,381.6293706293706
1,1275,382,381.84382284382264
1,1276,382,382.04079254079284
1,1277,382,382.14895104895123
1,1278,382,382.09090909090827
1,1279,382,381.96969696969694
1,1280,383,382.51131221719464
1,1281,383,382.93936651583726
1,1282,384,383.28597285067895
1,1283,384,383.65339366515843
1,1284,384,383.87330316742094
1,1285,384,384.0479638009051
1,1286,384,384.1411764705882
1,1287,384,384.1167420814481
1,1288,384,384.2153846153848
1,1289,384,384.2778280542988
1,1290,384,384.42443438914034
1,1291,385,384.5755656108599
1,1292,385,384.6515837104074
1,1293,385,384.7728506787331
1,1294,385,384.9212669683259
1,1295,385,385.0787330316743
1,1296,385,385.15656108597307
1,1297,385,385.26606334841637
1,1298,385,385.38009049773774
1,1299,386,385.5393665158372
1,1300,386,385.78461538461556
1,1301,386,386.15927601809966
1,1302,386,386.5067873303169
1,1303,387,386.80904977375576
1,1304,387,387.047963800905
1,1305,387,387.2054298642535
1,1306,388,387.2633484162897
1,1307,388,387.2714932126698
1,1308,387,387.2796380090499
1,1309,387,387.26968325791864
1,1310,387,387.22352941176484
1,1311,387,387.33212669683274
1,1312,387,387.38642533936667
1,1313,387,387.38642533936667
1,1314,388,387.47058823529414
1,1315,388,387.57737556561096
1,1316,388,387.6479638009051
1,1317,388,387.6235294117648
1,1318,387,387.44253393665167
1,1319,387,387.24343891402725
1,1320,387,387.09683257918573
1,1321,387,386.87330316742094
1,1322,387,386.7909502262444
1,1323,386,386.6678733031676
1,1324,386,386.460633484163
1,1325,387,386.3257918552037
1,1326,387,386.21357466063364
1,1327,386,386.0742081447965
1,1328,386,385.92579185520367
1,1329,385,385.78642533936664
1,1330,385,385.6742081447965
1,1331,386,385.4687782805431
1,1332,386,385.2497737556562
1,1333,385,385.1647058823531
1,1334,385,385.23167420814497
1,1335,385,385.13031674208156
1,1336,385,385.0787330316743
1,1337,385,385.08868778280555
1,1338,385,384.97194570135747
1,1339,385,384.8144796380091
1,1340,385,384.7022624434391
1,1341,384,384.6561085972852
1,1342,385,384.4968325791856
1,1343,385,384.1809954751132
1,1344,383,383.8651583710408
1,1345,383,383.63800904977387
1,1346,384,383.3882352941178
1,1347,384,383.14298642533953
1,1348,382,382.929411764706
1,1349,382,382.63619909502285
1,1350,383,382.5610859728507
1,1351,383,382.53122171945716
1,1352,382,382.30588235294135
1,1353,382,382.0443438914028
1,1354,382,381.9031674208146
1,1355,382,381.76832579185526
1,1356,382,381.5194570135748
1,1357,381,381.2977375565612
1,1358,381,381.2416289592761
1,1359,381,381.28959276018105
1,1360,381,381.38280542986433
1,1361,381,381.46244343891414
1,1362,382,381.4669683257919
1,1363,382,381.5348416289594
1,1364,382,381.73665158371045
1,1365,382,381.8045248868779
1,1366,382,381.8090497737558
1,1367,381,381.75022624434405
1,1368,381,381.6280542986426
1,1369,382,381.4425339366517
1,1370,382,381.33212669683274
1,1371,381,381.2352941176473
1,1372,381,381.09049773755663
1,1373,381,381.03619909502277
1,1374,381,381.0723981900455
1,1375,381,381.06063348416296
1,1376,381,381.06244343891416
1,1377,381,381.2072398190046
1,1378,381,381.42443438914034
1,1379,382,381.50497737556566
1,1380,382,381.639819004525
1,1381,382,381.81085972850695
1,1382,382,382.0000000000001
1,1383,382,382.1185520361992
1,1384,382,382.27782805429865
1,1385,382,382.5212669683259
1,1386,383,382.6923076923078
1,1387,383,382.84072398190057
1,1388,383,383.01628959276024
1,1389,383,383.2009049773757
1,1390,384,383.37647058823546
1,1391,384,383.52488687782824
1,1392,383,383.62805429864267
1,1393,383,383.6678733031675
1,1394,384,383.76470588235287
1,1395,384,383.7683257918552
1,1396,384,383.79909502262444
1,1397,384,383.83891402714937
1,1398,384,384.0081447963803
1,1399,384,384.15656108597295
1,1400,384,384.26606334841637
1,1401,384,384.3800904977376
1,1402,385,384.6099547511313
1,1403,385,384.86696832579196
1,1404,385,385.0624434389142
1,1405,385,385.3076923076924
1,1406,386,385.5755656108598
1,1407,386,385.83891402714937
1,1408,386,386.07058823529417
1,1409,386,386.2434389140273
1,1410,386,386.5393665158372
1,1411,387,386.74027149321273
1,1412,387,386.7665158371041
1,1413,387,386.73846153846165
1,1414,387,386.7764705882355
1,1415,387,386.80090497737564
1,1416,387,386.873303167421
1,1417,386,386.8552036199096
1,1418,386,386.74660633484183
1,1419,387,386.61538461538476
1,1420,387,386.5294117647061
1,1421,387,386.4886877828056
1,1422,387,386.49321266968343
1,1423,386,386.61357466063356
1,1424,386,386.7203619909503
1,1425,386,386.6841628959277
1,1426,387,386.5755656108598
1,1427,387,386.5330316742083
1,1428,387,386.49502262443457
1,1429,387,386.47058823529426
1,1430,386,386.468778280543
1,1431,386,386.4307692307693
1,1432,386,386.29773755656123
1,1433,386,386.1493212669685
1,1434,386,386.00361990950233
1,1435,386,385.8171945701358
1,1436,386,385.61719457013584
1,1437,386,385.4307692307694
1,1438,385,385.1466063348418
1,1439,385,384.85339366515853
1,1440,384,384.5692307692308
1,1441,384,384.3828054298644
1,1442,384,384.18280542986435
1,1443,384,383.99638009049795
1,1444,384,383.8506787330317
1,1445,384,383.7728506787333
1,1446,384,383.6515837104074
1,1447,384,383.5755656108599
1,1448,383,383.49502262443445
1,1449,383,383.3601809954753
1,1450,383,383.11855203619933
1,1451,383,382.91764705882355
1,1452,383,382.83710407239823
1,1453,383,382.756561085973
1,1454,383,382.76470588235304
1,1455,382,382.75022624434405
1,1456,382,382.6018099547513
1,1457,383,382.4081447963802
1,1458,383,382.1873303167422
1,1459,382,381.9574660633485
1,1460,382,381.7366515837105
1,1461,381,381.54298642533945
1,1462,381,381.3945701357467
1,1463,381,381.171040723982
1,1464,381,380.88144796380107
1,1465,381,380.8027149321267
1,1466,381,380.87330316742094
1,1467,381,380.96380090497746
1,1468,381,381.1447963800908
1,1469,381,381.2778280542987
1,1470,381,381.42443438914034
1,1471,382,381.5755656108599
1,1472,382,381.72217194570146
1,1473,382,381.8552036199096
1,1474,382,381.96561085972866
1,1475,382,382.0443438914029
1,1476,382,382.0823529411766
1,1477,382,382.0705882352943
1,1478,382,382.0000000000002
1,1479,382,382.0000000000002
1,1480,382,382.0000000000002
1,1481,382,381.929411764706
1,1482,382,381.91764705882366
1,1483,382,381.88506787330334
1,1484,382,381.881447963801
1,1485,382,382.01809954751144
1,1486,382,382.3384615384616
1,1487,382,382.6859728506788
1,1488,383,383.04253393665164
1,1489,383,383.3900452488689
1,1490,384,383.63981900452507
1,1491,385,383.9031674208146
1,1492,385,384.15294117647056
1,1493,384,384.36199095022636
1,1494,384,384.5031674208146
1,1495,384,384.54932126696855
1,1496,384,384.54117647058837
1,1497,385,384.5194570135748
1,1498,385,384.5954751131223
1,1499,385,384.8190045248871
1,1500,385,385.1104072398192
1,1501,385,385.3221719457014
1,1502,385,385.4361990950227
1,1503,386,385.5638009049775
1,1504,386,385.7484162895929
1,1505,386,385.97194570135764
1,1506,386,386.0841628959277
1,1507,386,386.20542986425346
1,1508,386,386.3176470588237
1,1509,387,386.4027149321268
1,1510,387,386.4425339366517
1,1511,386,386.48687782805445
1,1512,386,386.5855203619911
1,1513,387,386.8615384615386
1,1514,387,387.03800904977396
1,1515,387,387.11493212669683
1,1516,387,387.0923076923078
1,1517,387,387.10859728506813
1,1518,388,387.10226244343903
1,1519,388,386.8733031674209
1,1520,386,386.6217194570136
1,1521,386,386.54751131221735
1,1522,386,386.45067873303185
1,1523,386,386.34027149321275
1,1524,386,386.2253393665159
1,1525,386,386.114932126697
1,1526,387,386.2271493212672
1,1527,387,386.3800904977377
1,1528,386,386.3239819004525
1,1529,386,386.2388787682904
1,1530,386,386.0679320679319
1,1531,386,385.8097458097457
1,1532,386,385.5291375291376
1,1533,385,385.41748251748254
1,1534,385,385.1868686868679
1,1535,385,384.9242424242424
1,1536,385,383.2199095022625
1,1537,384,383.70950226244355
1,1538,384,384.02262443438923
1,1539,385,384.27058823529416
1,1540,385,384.29411764705895
1,1541,384,384.2045248868779
1,1542,384,383.9746606334843
1,1543,383,383.57737556561096
1,1544,383,383.6099547511312
1,1545,383,383.6018099547513
1,1546,383,383.50316742081463
1,1547,384,383.4705882352941
1,1548,384,383.46063348416305
1,1549,384,383.36199095022636
1,1550,384,383.2633484162897
1,1551,383,383.0443438914027
1,1552,382,382.78461538461556
1,1553,382,382.49321266968326
1,1554,382,382.24977375565624
1,1555,382,382.0723981900453
1,1556,382,381.91764705882366
1,1557,382,381.81266968325804
1,1558,382,381.78461538461545
1,1559,382,381.72217194570146
1,1560,382,381.5755656108598
1,1561,381,381.3538461538463
1,1562,381,381.19547511312226
1,1563,381,381.0298642533938
1,1564,381,380.98642533936663
1,1565,381,381.1266968325793
1,1566,381,381.3122171945703
1,1567,381,381.5429864253395
1,1568,382,381.8190045248869
1,1569,382,382.07239819004536
1,1570,383,382.23529411764724
1,1571,383,382.3782805429865
1,1572,382,382.3719457013575
1,1573,382,382.1547511312219
1,1574,382,381.8651583710409
1,1575,382,381.5031674208145
1,1576,381,381.2072398190046
1,1577,381,380.9158371040725
1,1578,380,380.73197390844433
1,1579,380,380.63036963036944
1,1580,381,380.6103896103894
1,1581,381,380.778554778555
1,1582,381,381.0724941724941
1,1583,381,381.1464646464637
1,1584,381,380.84848484848493
2,0,380,380.804524886878
2,1,380,380.59004524886893
2,2,380,380.43438914027155
2,3,380,380.34660633484174
2,4,380,380.3357466063349
2,5,381,380.410859728507
2,6,381,380.51040723981913
2,7,381,380.7728506787331
2,8,381,380.99185520362005
2,9,381,381.16108597285074
2,10,381,381.2714932126697
2,11,381,381.24343891402725
2,12,381,381.19728506787345
2,13,382,381.3239819004525
2,14,382,381.4144796380092
2,15,381,381.398190045249
2,16,381,381.404524886878
2,17,381,381.49502262443445
2,18,382,381.53122171945716
2,19,382,381.51312217194584
2,20,381,381.44072398190065
2,21,381,381.523076923077
2,22,382,381.56923076923096
2,23,382,381.3882352941177
2,24,381,381.18914027149333
2,25,381,381.04253393665175
2,26,381,380.9574660633484
2,27,381,380.810859728507
2,28,380,380.61176470588236
2,29,380,380.5013574660634
2,30,381,380.4886877828055
2,31,381,380.52126696832585
2,32,380,380.4787330316744
2,33,380,380.44072398190053
2,34,381,380.3457013574662
2,35,381,380.33212669683263
2,36,380,380.33212669683263
2,37,380,380.27782805429877
2,38,380,380.3076923076924
2,39,380,380.3601809954753
2,40,380,380.30588235294124
2,41,381,379.7212669683259
2,42,381,379.65067873303184
2,43,380,379.9692307692309
2,44,380,380.41357466063357
2,45,380,381.1203619909503
2,46,380,382.4407239819006
2,47,380,383.5257918552038
2,48,387,384.35746606334845
2,49,387,385.05610859728523
2,50,387,385.54208144796394
2,51,388,385.66787330316754
2,52,388,385.4859728506788
2,53,382,384.97828054298657
2,54,382,384.1266968325795
2,55,382,382.9131221719458
2,56,382,382.2886877828054
2,57,382,381.73393665158386
2,58,382,381.4235294117648
2,59,382,381.53212669683273
2,60,382,382.03438914027174
2,61,382,382.14479638009055
2,62,382,382.2778280542987
2,63,382,382.4244343891404
2,64,383,382.57556561085977
2,65,383,382.65158371040735
2,66,383,382.7728506787331
2,67,383,383.0624434389141
2,68,383,383.24343891402725
2,69,383,383.24524886877845
2,70,383,383.1972850678735
2,71,383,383.0199095022625
2,72,384,382.97194570135764
2,73,384,382.9737556561086
2,74,382,383.01628959276024
2,75,382,383.0199095022626
2,76,383,383.10497737556574
2,77,383,383.2533936651585
2,78,384,383.37647058823546
2,79,384,383.5855203619911
2,80,384,383.99185520362
2,81,384,384.5067873303168
2,82,385,384.69411764705904
2,83,385,384.91764705882355
2,84,385,385.33212669683263
2,85,386,385.6923076923078
2,86,386,386.10045248868795
2,87,386,386.4588235294118
2,88,386,386.7402714932128
2,89,388,386.9176470588237
2,90,388,387.031674208145
2,91,387,387.1230769230771
2,92,387,387.2352941176471
2,93,387,387.350226244344
2,94,387,387.31764705882364
2,95,387,387.25791855203636
2,96,387,387.1529411764707
2,97,388,387.2615384615385
2,98,388,387.4425339366518
2,99,387,387.5574660633485
2,100,387,387.66787330316754
2,101,388,387.76470588235304
2,102,388,387.8389140271495
2,103,388,387.881447963801
2,104,388,387.883257918552
2,105,388,387.9737556561087
2,106,388,388.0823529411767
2,107,388,388.00000000000017
2,108,388,387.9176470588237
2,109,388,387.9556561085974
2,110,388,388.03438914027157
2,111,388,388.2153846153847
2,112,388,388.3601809954752
2,113,388,388.39819004524895
2,114,389,388.4588235294118
2,115,389,388.60361990950236
2,116,389,388.694117647059
2,117,389,388.80090497737575
2,118,388,388.7945701357468
2,119,388,388.68416289592767
2,120,389,388.47873303167444
2,121,389,388.18733031674213
2,122,388,387.9574660633485
2,123,388,387.73665158371045
2,124,387,386.83710407239823
2,125,387,386.5710407239819
2,126,387,386.6570135746609
2,127,387,387.21357466063364
2,128,387,388.28868778280554
2,129,387,389.7303167420815
2,130,387,391.24796380090504
2,131,397,392.95113122171955
2,132,397,394.6018099547513
2,133,398,396.16199095022637
2,134,398,397.52307692307704
2,135,398,398.57647058823545
2,136,398,399.2135746606335
2,137,399,399.3257918552039
2,138,399,398.80452488687797
2,139,399,398.9257918552038
2,140,399,398.8950226244345
2,141,399,398.96199095022644
2,142,399,399.108597285068
2,143,399,399.1873303167422
2,144,399,399.18914027149333
2,145,399,399.2434389140273
2,146,399,399.27963800904996
2,147,400,399.29773755656134
2,148,400,399.2977375565613
2,149,399,399.350226244344
2,150,399,399.3257918552039
2,151,399,399.30407239819027
2,152,399,399.1647058823532
2,153,399,398.99638009049795
2,154,399,398.6877828054301
2,155,399,398.4751131221721
2,156,398,398.1945701357468
2,157,398,397.75294117647076
2,158,397,397.25701357466085
2,159,397,396.81357466063355
2,160,396,396.32941176470604
2,161,396,395.84977375565626
2,162,395,395.4199095022625
2,163,395,395.1556561085973
2,164,395,394.83438914027147
2,165,395,394.5719457013575
2,166,394,394.27511312217206
2,167,394,394.12126696832604
2,168,394,393.87873303167436
2,169,394,393.6542986425341
2,170,393,393.4162895927603
2,171,393,393.13303167420827
2,172,393,392.9113122171947
2,173,393,392.6579185520364
2,174,392,392.2796380090499
2,175,392,391.88325791855215
2,176,392,391.5755656108598
2,177,391,391.2633484162898
2,178,391,390.85339366515853
2,179,390,390.452488687783
2,180,390,390.16742081447967
2,181,390,389.9049773755658
2,182,390,389.57194570135755
2,183,389,389.27511312217206
2,184,389,389.1212669683259
2,185,389,388.87873303167424
2,186,389,388.7248868778281
2,187,388,388.42805429864273
2,188,388,388.1656108597286
2,189,388,387.914932126697
2,190,388,387.59185520362007
2,191,387,387.0416289592762
2,192,387,386.50950226244356
2,193,386,386.24343891402725
2,194,386,385.8914027149323
2,195,385,385.3782805429865
2,196,384,384.8289592760183
2,197,384,384.22714932126706
2,198,385,383.756561085973
2,199,385,383.3945701357468
2,200,382,383.1185520361992
2,201,382,382.9058823529413
2,202,382,382.7339366515838
2,203,382,382.4389140271495
2,204,383,382.1185520361991
2,205,383,381.93212669683265
2,206,382,381.90678733031694
2,207,382,382.0081447963801
2,208,381,381.8570135746607
2,209,381,381.67420814479647
2,210,382,381.46877828054306
2,211,382,381.2497737556561
2,212,381,381.16470588235296
2,213,381,381.09049773755663
2,214,381,381.1067873303169
2,215,381,381.1547511312219
2,216,381,381.1755656108599
2,217,381,381.1104072398191
2,218,381,380.96561085972866
2,219,381,380.9475113122174
2,220,382,380.91764705882366
2,221,381,380.937556561086
2,222,381,380.9276018099549
2,223,380,381.0081447963802
2,224,380,381.16108597285074
2,225,382,381.3683257918553
2,226,382,381.6117647058824
2,227,382,381.87330316742083
2,228,382,382.2733031674209
2,229,383,382.59366515837115
2,230,383,382.81628959276037
2,231,383,382.9140271493214
2,232,383,382.99185520362005
2,233,383,383.0904977375568
2,234,383,383.1891402714933
2,235,383,383.1990950226246
2,236,383,383.2316742081449
2,237,384,383.398190045249
2,238,384,383.6099547511312
2,239,383,383.84886877828063
2,240,384,384.0968325791857
2,241,384,384.2651583710408
2,242,385,384.46515837104073
2,243,385,384.6696832579187
2,244,385,384.7104072398191
2,245,385,384.9574660633485
2,246,385,385.3040723981902
2,247,385,385.57556561085977
2,248,386,385.93574660633493
2,249,386,386.2898865840041
2,250,386,386.7942057942057
2,251,388,387.3378843378843
2,252,388,387.834498834499
2,253,388,388.15431235431225
2,254,388,388.19191919191826
2,255,388,387.8181818181818
2,256,388,385.56651583710425
2,257,388,386.7393665158371
2,258,389,387.8579185520364
2,259,389,388.70859728506804
2,260,389,389.61900452488703
2,261,389,390.23981900452503
2,262,391,390.4280542986426
2,263,391,390.24072398190054
2,264,390,390.4271493212671
2,265,390,390.5366515837106
2,266,392,390.53936651583723
2,267,390,390.6054298642536
2,268,390,390.6986425339367
2,269,391,390.78280542986437
2,270,391,391.0986425339367
2,271,391,391.4868778280544
2,272,391,391.72036199095027
2,273,393,391.9719457013576
2,274,393,392.41176470588255
2,275,393,392.7330316742082
2,276,393,393.03167420814486
2,277,393,393.40090497737566
2,278,393,393.6633484162897
2,279,394,393.9122171945703
2,280,394,394.031674208145
2,281,395,394.3122171945702
2,282,395,394.7058823529414
2,283,395,395.09683257918556
2,284,395,395.56923076923096
2,285,396,396.1393665158372
2,286,396,396.6235294117649
2,287,397,397.114932126697
2,288,398,397.5067873303169
2,289,398,397.83076923076936
2,290,399,398.1185520361992
2,291,399,398.3339366515838
2,292,398,398.4407239819006
2,293,398,398.5411764705885
2,294,398,398.53755656108615
2,295,398,398.5411764705885
2,296,399,398.60180995475133
2,297,399,398.7104072398191
2,298,399,398.866968325792
2,299,399,399.00995475113143
2,300,399,399.00995475113143
2,301,399,399.0081447963802
2,302,399,398.8751131221722
2,303,399,398.6199095022625
2,304,398,398.390045248869
2,305,398,398.13303167420844
2,306,398,397.86696832579196
2,307,398,397.6099547511313
2,308,397,397.45067873303174
2,309,397,397.2778280542988
2,310,397,397.1185520361992
2,311,397,397.0000000000001
2,312,397,396.7402714932128
2,313,397,396.5574660633486
2,314,397,396.5312217194571
2,315,396,396.5411764705883
2,316,396,396.53755656108615
2,317,396,396.4705882352942
2,318,396,396.28778280543
2,319,397,396.1366515837105
2,320,397,396.1674208144797
2,321,396,396.1303167420815
2,322,396,396.0524886877829
2,323,395,395.82262443438924
2,324,395,395.529411764706
2,325,396,395.1909502262444
2,326,396,394.82533936651595
2,327,394,394.5891402714932
2,328,394,394.4389140271495
2,329,394,394.3339366515838
2,330,394,394.233484162896
2,331,394,394.0262443438915
2,332,394,393.80090497737575
2,333,394,393.8552036199096
2,334,394,393.8868778280544
2,335,394,393.73484162895943
2,336,393,393.43800904977377
2,337,393,393.1031674208146
2,338,393,392.6371040723983
2,339,393,392.2262443438915
2,340,391,391.6570135746607
2,341,391,391.0633484162898
2,342,390,390.37918552036206
2,343,390,389.8180995475115
2,344,389,389.05520361990966
2,345,389,388.31312217194585
2,346,387,387.54389140271513
2,347,387,386.7674208144797
2,348,386,385.8561085972852
2,349,386,385.1438914027151
2,350,384,384.54660633484167
2,351,384,384.1800904977376
2,352,383,384.0923076923078
2,353,383,384.13122171945713
2,354,384,384.0036199095024
2,355,385,384.01628959276024
2,356,385,384.0579185520363
2,357,385,384.2171945701359
2,358,385,384.3058823529413
2,359,383,384.3357466063349
2,360,383,384.177375565611
2,361,384,383.9013574660634
2,362,384,383.646153846154
2,363,384,383.48868778280547
2,364,384,383.4470588235296
2,365,383,383.4099547511313
2,366,383,383.4045248868778
2,367,383,383.1809954751132
2,368,383,382.819004524887
2,369,383,382.5954751131222
2,370,383,382.4488687782806
2,371,382,382.38823529411786
2,372,382,382.4932126696833
2,373,382,382.5049773755657
2,374,382,382.5031674208146
2,375,383,382.49683257918565
2,376,383,382.4950226244345
2,377,383,382.5067873303169
2,378,383,382.6117647058825
2,379,382,382.55113122171946
2,380,382,382.33393665158377
2,381,382,382.0986425339367
2,382,382,381.8452488687784
2,383,382,381.78280542986437
2,384,382,381.7203619909503
2,385,381,381.6760180995476
2,386,381,381.66787330316754
2,387,382,381.57556561085994
2,388,382,381.47873303167427
2,389,382,381.24524886877845
2,390,381,381.1429864253395
2,391,381,381.23348416289605
2,392,381,381.3782805429864
2,393,381,381.29773755656123
2,394,381,381.3122171945702
2,395,381,381.5330316742083
2,396,383,381.87149321266975
2,397,383,382.23891402714946
2,398,382,382.6081447963802
2,399,382,383.0135746606336
2,400,384,383.419004524887
2,401,384,383.6470588235295
2,402,384,383.92036199095037
2,403,384,384.18461538461554
2,404,385,384.73303167420835
2,405,385,385.2588235294119
2,406,385,385.4552036199096
2,407,385,385.61538461538476
2,408,387,385.89140271493216
2,409,387,386.2352941176471
2,410,387,386.60180995475116
2,411,386,386.9457013574662
2,412,386,387.2895927601812
2,413,388,387.65610859728514
2,414,388,387.7882352941178
2,415,389,388.02895927601827
2,416,389,388.65339366515843
2,417,389,389.33665158371053
2,418,389,389.8923076923077
2,419,390,390.39547511312225
2,420,390,390.8443438914028
2,421,393,391.44343891402735
2,422,393,392.06787330316746
2,423,392,392.67239819004544
2,424,392,393.15022624434397
2,425,394,393.3945701357468
2,426,394,393.49864253393673
2,427,394,393.48506787330336
2,428,394,393.3764705882354
2,429,393,393.5429864253395
2,430,393,393.7547511312219
2,431,393,393.7846153846155
2,432,394,393.8054298642535
2,433,394,394.0579185520363
2,434,395,394.3828054298644
2,435,395,394.7619909502264
2,436,395,395.17737556561093
2,437,395,395.40180995475123
2,438,396,395.60814479638026
2,439,396,395.68959276018103
2,440,396,395.8778280542988
2,441,396,396.13665158371055
2,442,396,396.4389140271494
2,443,396,396.6253393665159
2,444,397,396.8778280542988
2,445,397,397.03981900452493
2,446,398,397.1610859728508
2,447,398,397.29140271493225
2,448,397,397.41266968325806
2,449,397,397.57737556561096
2,450,398,397.638009049774
2,451,397,398.5737556561087
2,452,397,398.70226244343905
2,453,398,398.07963800905
2,454,398,396.97104072398196
2,455,398,395.44162895927616
2,456,397,392.4298642533937
2,457,397,390.0742081447964
2,458,383,388.50407239819015
2,459,383,387.5104072398191
2,460,383,387.1547511312219
2,461,383,387.5665158371042
2,462,383,388.604524886878
2,463,398,390.4687782805431
2,464,398,392.88235294117663
2,465,398,395.90678733031694
2,466,398,397.59457013574666
2,467,398,398.86877828054315
2,468,398,399.46425339366533
2,469,399,399.2542986425342
2,470,398,398.1122171945701
2,471,398,397.9882352941177
2,472,398,397.8325791855205
2,473,398,397.6542986425341
2,474,397,397.4624434389142
2,475,397,397.33665158371053
2,476,397,397.156561085973
2,477,397,397.0787330316743
2,478,397,396.9212669683258
2,479,397,396.9140271493213
2,480,397,396.81628959276026
2,481,397,396.6642533936653
2,482,396,396.49683257918565
2,483,396,396.1529411764706
2,484,396,395.60723981900463
2,485,396,395.0343891402717
2,486,394,394.61176470588236
2,487,394,394.1167420814481
2,488,394,393.53303167420825
2,489,392,393.04434389140283
2,490,392,392.4868778280544
2,491,393,392.0968325791856
2,492,393,392.04253393665175
2,493,391,392.09230769230777
2,494,391,392.0144796380092
2,495,392,391.9773755656108
2,496,392,392.07873303167435
2,497,393,391.93936651583715
2,498,393,391.71855203619907
2,499,391,391.5728506787331
2,500,391,391.529411764706
2,501,391,391.20904977375574
2,502,391,390.771040723982
2,503,390,390.3719457013576
2,504,390,390.1800904977377
2,505,390,390.0257389669152
2,506,390,389.88811188811184
2,507,389,389.6418026418027
2,508,389,389.37179487179503
2,509,389,388.9480186480189
2,510,389,388.0151515151504
2,511,386,386.4090909090909
2,512,387,384.60361990950224
2,513,387,385.0398190045249
2,514,385,385.29954751131237
2,515,385,385.37375565610876
2,516,386,385.25339366515846
2,517,386,385.00000000000006
2,518,383,384.475113122172
2,519,383,383.60814479638026
2,520,383,383.22081447963814
2,521,383,383.0669683257919
2,522,383,382.7764705882354
2,523,383,382.5882352941178
2,524,382,382.53846153846166
2,525,382,382.6018099547513
2,526,383,382.3375565610861
2,527,383,382.1049773755657
2,528,382,381.9837104072399
2,529,382,381.8533936651585
2,530,381,381.6615384615386
2,531,381,381.5556561085974
2,532,381,381.4063348416291
2,533,382,381.2841628959277
2,534,382,381.32760180995484
2,535,381,381.47511312217205
2,536,381,381.38552036199115
2,537,382,381.5176470588236
2,538,382,381.77647058823555
2,539,382,382.06696832579195
2,540,382,382.2914027149322
2,541,382,382.6904977375566
2,542,382,383.23710407239815
2,543,385,383.63619909502273
2,544,385,383.86063348416303
2,545,384,384.15113122171954
2,546,384,384.3393665158372
2,547,385,384.4570135746607
2,548,385,384.5972850678734
2,549,384,384.5737556561088
2,550,384,384.6
2,551,385,385.09864253393675
2,552,385,385.69230769230785
2,553,386,386.0036199095024
2,554,387,386.4552036199096
2,555,387,386.9809954751132
2,556,389,387.7149321266969
2,557,389,388.37556561085984
2,558,388,389.08144796380105
2,559,388,389.8805429864255
2,560,391,390.62081447963806
2,561,391,391.28868778280554
2,562,393,392.0090497737558
2,563,393,392.6389140271494
2,564,394,393.3828054298644
2,565,394,394.0452488687784
2,566,394,394.433484162896
2,567,394,394.4135746606336
2,568,395,394.6669683257919
2,569,395,394.79819004524904
2,570,395,394.96832579185525
2,571,395,395.13846153846157
2,572,395,395.4108597285068
2,573,395,395.68778280543
2,574,397,395.94208144796386
2,575,396,396.1466063348417
2,576,396,396.41266968325806
2,577,397,396.65158371040735
2,578,397,396.8452488687784
2,579,397,396.9755656108598
2,580,397,397.02443438914054
2,581,397,396.9737556561087
2,582,397,397.0117647058824
2,583,397,396.98823529411777
2,584,397,396.9556561085974
2,585,397,397.0343891402716
2,586,397,397.14479638009055
2,587,397,397.2778280542988
2,588,397,397.4244343891404
2,589,398,397.716742081448
2,590,398,397.8868778280544
2,591,398,397.94389140271494
2,592,398,397.8968325791856
2,593,398,397.75475113122184
2,594,398,397.5266968325793
2,595,398,397.22171945701376
2,596,396,396.8488687782805
2,597,396,396.6262443438915
2,598,396,396.3719457013575
2,599,396,396.1131221719457
2,600,396,395.8769230769231
2,601,396,395.83167420814505
2,602,396,395.74570135746615
2,603,396,395.7348416289594
2,604,395,395.4380090497739
2,605,395,395.10316742081443
2,606,395,394.6371040723984
2,607,395,394.0850678733032
2,608,393,393.562895927602
2,609,393,392.9864253393666
2,610,392,392.55113122171963
2,611,392,392.05248868778284
2,612,391,391.42443438914046
2,613,391,390.80090497737575
2,614,391,390.31583710407244
2,615,390,389.9031674208146
2,616,390,389.42895927601825
2,617,388,388.95927601809973
2,618,388,388.48959276018104
2,619,388,388.0153846153847
2,620,388,387.4615384615385
2,621,387,386.9529411764707
2,622,387,386.6144796380092
2,623,386,386.2325791855204
2,624,386,385.93212669683265
2,625,385,385.4904977375567
2,626,385,385.2262443438916
2,627,385,384.91674208144804
2,628,385,384.47511312217205
2,629,384,384.0760180995476
2,630,384,383.8171945701359
2,631,384,383.5873303167422
2,632,384,383.47511312217205
2,633,382,383.219004524887
2,634,382,383.1574660633485
2,635,384,383.35203619909515
2,636,384,383.6642533936652
2,637,384,383.8850678733034
2,638,384,384.20542986425335
2,639,384,384.6072398190046
2,640,386,385.0723981900453
2,641,386,385.30588235294124
2,642,385,385.41266968325795
2,643,385,385.5628959276019
2,644,386,385.7266968325793
2,645,386,385.9475113122173
2,646,386,386.06877828054314
2,647,386,386.0018099547513
2,648,386,386.13484162895946
2,649,386,386.3176470588237
2,650,387,386.4027149321268
2,651,387,386.4425339366517
2,652,386,386.5574660633485
2,653,386,386.66787330316765
2,654,387,386.7647058823531
2,655,387,386.7683257918553
2,656,387,386.79909502262444
2,657,387,386.8389140271494
2,658,387,387.00814479638024
2,659,387,387.22714932126706
2,660,387,387.41900452488704
2,661,387,387.5067873303168
2,662,388,387.6199095022625
2,663,388,387.68778280542995
2,664,388,387.7809954751132
2,665,388,387.7701357466064
2,666,388,387.6642533936654
2,667,387,387.4723981900453
2,668,387,387.2036199095025
2,669,387,386.8669683257919
2,670,387,386.6099547511314
2,671,386,386.38009049773774
2,672,386,386.1954751131223
2,673,386,386.07420814479656
2,674,386,386.1049773755657
2,675,386,386.1085972850681
2,676,386,386.0443438914028
2,677,386,385.9393665158372
2,678,386,385.8208144796381
2,679,386,385.5773755656108
2,680,386,385.29773755656106
2,681,385,384.92941176470595
2,682,384,384.61990950226254
2,683,384,384.5194570135748
2,684,384,384.37828054298654
2,685,384,384.2235294117648
2,686,384,384.08235294117657
2,687,384,384.05248868778295
2,688,385,384.0316742081449
2,689,385,383.91764705882355
2,690,383,383.66968325791873
2,691,383,383.4470588235295
2,692,383,383.1384615384617
2,693,383,382.7710407239821
2,694,382,382.3719457013575
2,695,382,381.9683257918553
2,696,382,381.7257918552037
2,697,382,381.6805429864255
2,698,381,381.4624434389142
2,699,381,381.1692307692308
2,700,381,380.95746606334853
2,701,381,380.84524886877847
2,702,381,380.71221719457026
2,703,381,380.6380090497739
2,704,380,380.6316742081449
2,705,380,380.702262443439
2,706,381,380.72036199095027
2,707,381,380.7565610859729
2,708,381,380.8108597285069
2,709,381,380.88325791855215
2,710,381,380.9737556561086
2,711,381,381.0823529411767
2,712,381,381.07058823529417
2,713,381,381.0000000000001
2,714,381,381.0000000000001
2,715,381,381.0000000000001
2,716,381,381.0000000000001
2,717,381,381.0000000000001
2,718,381,381.0000000000001
2,719,381,381.0000000000001
2,720,381,380.9294117647059
2,721,381,380.98823529411766
2,722,381,381.0380090497739
2,723,381,381.0081447963802
2,724,381,381.02805429864264
2,725,381,381.0886877828055
2,726,381,381.1809954751132
2,727,382,381.2253393665159
2,728,381,381.34208144796395
2,729,381,381.51312217194595
2,730,382,381.7203619909503
2,731,382,381.94570135746613
2,732,382,382.17104072398206
2,733,382,382.30769230769243
2,734,383,382.46696832579187
2,735,383,382.8307692307694
2,736,383,383.0425339366517
2,737,383,383.08416289592776
2,738,383,383.2054298642536
2,739,383,383.31764705882375
2,740,384,383.40271493212686
2,741,384,383.4425339366517
2,742,383,383.55746606334844
2,743,383,383.6678733031675
2,744,384,383.6235294117649
2,745,384,383.6742081447965
2,746,384,383.8633484162897
2,747,384,384.0343891402717
2,748,384,384.23710407239827
2,749,384,384.5212669683259
2,750,384,384.6597285067875
2,751,386,384.825339366516
2,752,386,385.1203619909503
2,753,385,385.4470588235295
2,754,385,385.7782805429865
2,755,386,386.0868778280544
2,756,386,386.4162895927602
2,757,387,386.60995475113134
2,758,387,386.5791855203621
2,759,387,386.7122171945702
2,760,387,386.85882352941184
2,761,387,386.8118352235998
2,762,387,386.6603396603397
2,763,386,386.5032745032745
2,764,386,386.4603729603731
2,765,387,386.5109557109556
2,766,387,386.757575757575
2,767,387,387.1666666666664
2,768,387,384.99638009049795
2,769,387,385.7719457013577
2,770,387,386.58190045248887
2,771,388,387.24253393665185
2,772,388,387.70859728506804
2,773,387,387.9348416289594
2,774,387,387.8760180995476
2,775,388,387.48687782805445
2,776,388,387.4144796380091
2,777,387,387.3764705882355
2,778,387,387.24343891402725
2,779,387,387.09230769230777
2,780,387,387.00000000000006
2,781,387,386.90769230769234
2,782,387,386.756561085973
2,783,387,386.62352941176493
2,784,386,386.5855203619911
2,785,386,386.6542986425341
2,786,387,386.6416289592761
2,787,387,386.4950226244345
2,788,386,386.36199095022636
2,789,386,386.2515837104074
2,790,387,386.2434389140273
2,791,387,386.2171945701359
2,792,385,386.05248868778295
2,793,385,385.8289592760181
2,794,386,385.7647058823531
2,795,386,385.6778280542988
2,796,386,385.4570135746607
2,797,385,385.19095022624447
2,798,385,385.1067873303168
2,799,385,385.0316742081449
2,800,385,384.7248868778283
2,801,384,384.34570135746617
2,802,384,384.05067873303176
2,803,384,383.79638009049773
2,804,384,383.6099547511313
2,805,383,383.38009049773774
2,806,383,383.19547511312226
2,807,383,383.07420814479644
2,808,383,383.03438914027157
2,809,383,383.02624434389156
2,810,383,383.0
2,811,383,382.9737556561087
2,812,383,382.9656108597286
2,813,383,382.8552036199097
2,814,383,382.7221719457014
2,815,383,382.57556561085977
2,816,382,382.4244343891404
2,817,382,382.3484162895929
2,818,382,382.22714932126706
2,819,382,382.07873303167435
2,820,382,381.9212669683258
2,821,382,381.7728506787331
2,822,382,381.65158371040735
2,823,382,381.5755656108598
2,824,381,381.42443438914034
2,825,381,381.27782805429877
2,826,381,381.1447963800905
2,827,381,381.0343891402715
2,828,381,380.9556561085974
2,829,381,380.91764705882366
2,830,381,380.929411764706
2,831,381,381.0000000000001
2,832,381,381.0000000000001
2,833,381,381.0000000000001
2,834,381,381.0000000000001
2,835,381,380.9294117647059
2,836,381,380.98823529411766
2,837,381,381.0380090497739
2,838,381,381.0081447963802
2,839,381,381.02805429864264
2,840,381,381.1592760180997
2,841,381,381.26334841628966
2,842,382,381.26968325791876
2,843,381,381.30769230769243
2,844,381,381.3683257918553
2,845,382,381.44253393665167
2,846,382,381.5212669683259
2,847,381,381.59547511312223
2,848,381,381.65610859728525
2,849,382,381.6941176470589
2,850,382,381.8389140271494
2,851,382,381.88144796380107
2,852,382,381.812669683258
2,853,382,381.89140271493216
2,854,382,382.03800904977385
2,855,382,382.03438914027157
2,856,382,382.0624434389141
2,857,382,382.23348416289593
2,858,382,382.52941176470586
2,859,383,382.8027149321267
2,860,383,382.550226244344
2,861,383,382.6687782805431
2,862,384,383.0859728506788
2,863,384,383.7294117647061
2,864,384,384.52669683257926
2,865,383,385.68778280543
2,866,383,386.6226244343893
2,867,390,387.5040723981902
2,868,390,388.1049773755657
2,869,390,388.4072398190047
2,870,390,388.5312217194571
2,871,390,388.39728506787344
2,872,386,387.9963800904979
2,873,386,387.1809954751132
2,874,385,386.00361990950245
2,875,385,385.4153846153847
2,876,385,384.96742081447974
2,877,385,384.70497737556576
2,878,385,384.6733031674209
2,879,385,384.91764705882366
2,880,385,384.85882352941184
2,881,385,384.91764705882355
2,882,385,385.02624434389145
2,883,385,385.1167420814481
2,884,385,385.11855203619916
2,885,385,385.16108597285074
2,886,385,385.3058823529413
2,887,386,385.4144796380092
2,888,386,385.4162895927603
2,889,385,385.4407239819005
2,890,385,385.4787330316744
2,891,386,385.5212669683259
2,892,386,385.48868778280547
2,893,385,385.5013574660635
2,894,385,385.5411764705883
2,895,386,385.72850678733045
2,896,386,385.9837104072399
2,897,386,386.15927601809966
2,898,386,386.3076923076924
2,899,387,386.54932126696843
2,900,387,386.8045248868779
2,901,387,386.8552036199096
2,902,387,386.88325791855215
2,903,387,387.00000000000006
2,904,387,387.1167420814481
2,905,387,387.21538461538466
2,906,387,387.27782805429877
2,907,387,387.42443438914034
2,908,388,387.5755656108598
2,909,388,387.72217194570146
2,910,388,387.85520361990956
2,911,388,387.96561085972866
2,912,388,388.0443438914029
2,913,388,388.1529411764706
2,914,388,388.1529411764708
2,915,388,387.9737556561087
2,916,388,387.95384615384637
2,917,388,387.89321266968335
2,918,388,387.8009049773756
2,919,388,387.6859728506789
2,920,387,387.5574660633485
2,921,387,387.42443438914034
2,922,388,387.36651583710415
2,923,387,387.2633484162897
2,924,387,387.06244343891416
2,925,387,386.9113122171947
2,926,387,386.88959276018113
2,927,387,386.87692307692316
2,928,387,386.82352941176475
2,929,386,386.6796380090498
2,930,386,386.60180995475133
2,931,387,386.4081447963802
2,932,387,386.1873303167422
2,933,386,385.9574660633485
2,934,386,385.8072398190046
2,935,385,385.62533936651596
2,936,385,385.43891402714945
2,937,385,385.2072398190046
2,938,385,384.8895927601812
2,939,385,384.65158371040735
2,940,385,384.4588235294118
2,941,384,384.20904977375574
2,942,384,384.0000000000001
2,943,384,383.6497737556562
2,944,383,383.3764705882354
2,945,383,383.2597285067875
2,946,383,383.1791855203622
2,947,383,383.15294117647073
2,948,383,383.19909502262453
2,949,383,383.19728506787345
2,950,384,383.22714932126706
2,951,384,383.22714932126706
2,952,383,383.1972850678735
2,953,383,383.2696832579186
2,954,383,383.30588235294135
2,955,383,383.3058823529413
2,956,383,383.26968325791876
2,957,383,383.19728506787345
2,958,384,383.29773755656123
2,959,384,383.3800904977376
2,960,383,383.39457013574673
2,961,383,383.29140271493225
2,962,383,383.0180995475115
2,963,383,382.7221719457014
2,964,383,382.4832579185521
2,965,382,382.1809954751134
2,966,382,381.9013574660635
2,967,381,381.73031674208147
2,968,381,381.6180995475114
2,969,382,381.51493212669703
2,970,382,381.4389140271494
2,971,381,381.40814479638027
2,972,381,381.44072398190065
2,973,382,381.4162895927602
2,974,382,381.4144796380092
2,975,381,381.3058823529413
2,976,381,381.231674208145
2,977,381,381.2009049773756
2,978,381,381.09049773755663
2,979,381,380.9095022624435
2,980,381,380.79909502262456
2,981,381,380.7683257918552
2,982,381,380.76470588235304
2,983,380,380.66787330316754
2,984,380,380.5574660633485
2,985,381,380.3719457013576
2,986,381,380.2497737556562
2,987,380,380.1909502262445
2,988,380,380.19547511312237
2,989,380,380.12217194570155
2,990,380,380.2298642533937
2,991,380,380.36199095022636
2,992,381,380.56199095022635
2,993,381,381.0117647058825
2,994,381,381.4932126696833
2,995,381,381.8588235294119
2,996,383,382.1610859728507
2,997,383,382.3819004524888
2,998,383,382.50316742081463
2,999,383,382.4361990950228
2,1000,382,382.43076923076933
2,1001,382,382.39819004524907
2,1002,382,382.3203619909503
2,1003,382,382.1791855203621
2,1004,382,382.23348416289605
2,1005,382,382.34208144796395
2,1006,383,382.5049773755658
2,1007,383,382.72217194570146
2,1008,383,382.78461538461556
2,1009,383,382.88325791855215
2,1010,383,383.0
2,1011,383,383.116742081448
2,1012,383,383.0742081447965
2,1013,383,383.1131221719458
2,1014,383,383.406334841629
2,1015,384,383.72669683257925
2,1016,384,384.0561085972851
2,1017,384,384.4313333725096
2,1018,384,384.82517482517466
2,1019,386,385.1809301809302
2,1020,386,385.41958041958065
2,1021,385,385.4822843822845
2,1022,385,385.378787878787
2,1023,385,384.742424242424
2,1024,385,383.9619909502264
2,1025,386,384.49864253393656
2,1026,386,384.93755656108607
2,1027,385,385.44253393665167
2,1028,385,385.8389140271494
2,1029,386,386.01990950226264
2,1030,386,386.07873303167423
2,1031,386,385.9701357466064
2,1032,386,386.06425339366524
2,1033,387,386.26968325791876
2,1034,386,386.50678733031697
2,1035,386,386.6280542986426
2,1036,387,386.6859728506788
2,1037,387,386.73031674208164
2,1038,387,386.8108597285069
2,1039,387,386.98009049773765
2,1040,387,387.09049773755663
2,1041,387,387.2714932126697
2,1042,387,387.3140271493214
2,1043,387,387.27963800904996
2,1044,388,387.2977375565611
2,1045,388,387.22714932126706
2,1046,387,387.1972850678734
2,1047,387,387.19909502262465
2,1048,387,387.22352941176484
2,1049,387,387.33212669683274
2,1050,387,387.38642533936667
2,1051,387,387.3158371040726
2,1052,388,387.3882352941178
2,1053,388,387.6036199095024
2,1054,388,387.6941176470589
2,1055,388,387.73031674208147
2,1056,387,387.7122171945702
2,1057,387,387.639819004525
2,1058,388,387.5131221719459
2,1059,388,387.3321266968327
2,1060,387,387.1647058823531
2,1061,387,387.0787330316743
2,1062,387,387.07420814479644
2,1063,387,387.15113122171965
2,1064,387,387.171040723982
2,1065,387,387.26606334841637
2,1066,387,387.43619909502286
2,1067,388,387.6199095022625
2,1068,388,387.82895927601817
2,1069,388,387.875113122172
2,1070,388,387.63529411764716
2,1071,388,387.38642533936655
2,1072,387,387.12850678733037
2,1073,387,386.8615384615386
2,1074,387,386.58552036199103
2,1075,385,386.43891402714934
2,1076,385,386.43076923076933
2,1077,387,386.4407239819006
2,1078,387,386.4162895927603
2,1079,387,386.5049773755657
2,1080,387,386.6479638009052
2,1081,387,386.7864253393666
2,1082,387,387.00000000000017
2,1083,386,386.8208144796381
2,1084,386,386.51945701357477
2,1085,387,386.43438914027155
2,1086,387,386.3040723981901
2,1087,386,386.1466063348418
2,1088,386,385.98009049773776
2,1089,385,385.8226244343893
2,1090,386,385.6923076923079
2,1091,386,385.468778280543
2,1092,385,385.2316742081449
2,1093,385,385.1990950226245
2,1094,385,385.18914027149333
2,1095,385,385.09049773755675
2,1096,385,384.9918552036201
2,1097,385,384.7728506787331
2,1098,385,384.65158371040724
2,1099,385,384.5755656108598
2,1100,384,384.4244343891403
2,1101,384,384.419004524887
2,1102,384,384.1683257918554
2,1103,384,383.9583710407241
2,1104,384,383.93936651583726
2,1105,384,383.8615384615386
2,1106,384,383.75203619909513
2,1107,384,383.6380090497739
2,1108,382,383.40814479638016
2,1109,384,383.1511312217196
2,1110,384,382.88506787330334
2,1111,382,382.6280542986426
2,1112,382,382.398190045249
2,1113,382,382.2135746606335
2,1114,382,382.0923076923078
2,1115,382,382.05248868778284
2,1116,382,381.9058823529413
2,1117,382,381.9411764705884
2,1118,382,382.0443438914028
2,1119,382,381.96561085972866
2,1120,382,381.9257918552037
2,1121,382,381.66334841628964
2,1122,382,381.4552036199096
2,1123,381,381.1601809954752
2,1124,381,381.03710407239834
2,1125,381,380.64434389140297
2,1126,381,380.7402714932128
2,1127,380,381.25248868778294
2,1128,382,382.1085972850679
2,1129,382,383.447963800905
2,1130,384,384.8099547511312
2,1131,384,386.08144796380105
2,1132,390,387.14932126696857
2,1133,390,388.03891402714953
2,1134,390,388.5755656108599
2,1135,390,388.5846153846155
2,1136,387,388.3683257918553
2,1137,387,387.8289592760182
2,1138,386,387.08687782805436
2,1139,386,386.07149321266974
2,1140,385,385.48416289592757
2,1141,385,385.0352941176471
2,1142,385,384.6588235294119
2,1143,385,384.4977375565612
2,1144,384,384.07963800904986
2,1145,384,383.6705882352942
2,1146,383,383.1864253393666
2,1147,383,382.6723981900454
2,1148,382,382.1647058823531
2,1149,382,381.76108597285076
2,1150,381,381.4886877828054
2,1151,381,381.3746606334842
2,1152,381,381.3076923076924
2,1153,381,381.3764705882354
2,1154,382,381.39004524886894
2,1155,382,381.55746606334856
2,1156,382,381.7402714932128
2,1157,382,382.0000000000001
2,1158,382,382.1185520361992
2,1159,382,382.27782805429865
2,1160,382,382.3800904977377
2,1161,383,382.5276018099548
2,1162,383,382.8226244343892
2,1163,383,383.1674208144799
2,1164,383,383.6054298642534
2,1165,384,383.98009049773765
2,1166,384,384.06153846153865
2,1167,385,384.21990950226245
2,1168,385,384.40995475113135
2,1169,385,384.58371040724006
2,1170,385,384.8932126696834
2,1171,384,385.3547511312218
2,1172,384,385.78461538461556
2,1173,387,386.1348416289594
2,1174,387,386.5574660633485
2,1175,387,387.13665158371055
2,1176,389,387.7565610859729
2,1177,389,388.23076923076934
2,1178,388,388.7728506787331
2,1179,388,389.1104072398192
2,1180,390,389.37104072398205
2,1181,390,389.8180995475114
2,1182,390,390.3149321266969
2,1183,390,390.86877828054304
2,1184,392,391.56380090497754
2,1185,392,392.08144796380094
2,1186,393,392.50588235294134
2,1187,393,392.7737556561088
2,1188,394,393.22805429864263
2,1189,394,393.6733031674209
2,1190,393,393.9140271493213
2,1191,393,394.15475113122176
2,1192,395,394.60000000000014
2,1193,395,395.05429864253404
2,1194,396,395.60180995475116
2,1195,396,396.12669683257934
2,1196,396,396.7221719457013
2,1197,398,397.281447963801
2,1198,398,397.6298642533938
2,1199,398,397.7927601809956
2,1200,398,398.00180995475125
2,1201,398,398.0886877828056
2,1202,398,398.23529411764713
2,1203,398,398.2235294117648
2,1204,398,398.04434389140266
2,1205,398,397.9656108597286
2,1206,398,397.85520361990956
2,1207,398,397.72217194570135
2,1208,398,397.5755656108598
2,1209,397,397.5656108597286
2,1210,397,397.44253393665167
2,1211,397,397.3040723981903
2,1212,397,397.04796380090505
2,1213,397,396.8515837104074
2,1214,397,396.4923076923077
2,1215,397,396.0244343891404
2,1216,395,395.5022624434391
2,1217,395,394.91221719457025
2,1218,394,394.2407239819005
2,1219,394,393.4714932126698
2,1220,392,392.7882352941178
2,1221,392,392.30678733031687
2,1222,392,391.9429864253394
2,1223,392,391.82171945701367
2,1224,391,391.5909502262444
2,1225,391,391.4371040723983
2,1226,392,391.266968325792
2,1227,392,391.32850678733047
2,1228,391,391.12217194570144
2,1229,391,390.82533936651595
2,1230,390,390.54479638009053
2,1231,390,390.1873303167422
2,1232,390,389.6597285067875
2,1233,390,389.06877828054314
2,1234,388,388.7303167420816
2,1235,388,388.3601809954752
2,1236,388,387.8832579185521
2,1237,387,387.4244343891405
2,1238,387,386.97013574660645
2,1239,387,386.5067873303168
2,1240,387,386.0180995475114
2,1241,385,385.68778280542995
2,1242,385,385.35475113122186
2,1243,385,385.0579185520363
2,1244,385,384.83348416289596
2,1245,384,384.57918552036216
2,1246,384,384.5339366515837
2,1247,385,384.46606334841636
2,1248,385,384.4208144796382
2,1249,384,384.16651583710427
2,1250,384,383.8714932126698
2,1251,384,383.5628959276019
2,1252,384,383.2678733031675
2,1253,382,382.875113122172
2,1254,382,382.47330316742097
2,1255,382,382.28959276018116
2,1256,382,382.15113122171965
2,1257,382,381.9556561085974
2,1258,382,381.80090497737575
2,1259,382,381.6434389140273
2,1260,382,381.6398190045249
2,1261,382,381.5312217194571
2,1262,381,381.4588235294118
2,1263,381,381.28144796380104
2,1264,381,381.2579185520362
2,1265,381,381.44072398190065
2,1266,382,381.6823529411766
2,1267,382,381.83257918552056
2,1268,382,382.1411764705884
2,1269,382,382.3692307692309
2,1270,384,382.7393665158373
2,1271,384,383.329411764706
2,1272,383,383.9466063348418
2,1273,383,384.50379032731956
2,1274,385,385.196803196803
2,1275,385,385.9302919302918
2,1276,388,386.72377622377644
2,1277,388,387.70652680652694
2,1278,387,387.878787878787
2,1279,387,386.66666666666674
2,1280,387,385.6769230769231
2,1281,387,386.7393665158372
2,1282,390,387.7248868778283
2,1283,390,388.358371040724
2,1284,389,388.9647058823531
2,1285,389,389.52398190045255
2,1286,389,389.8162895927603
2,1287,389,389.619004524887
2,1288,389,389.80180995475115
2,1289,389,389.8868778280543
2,1290,392,390.364705882353
2,1291,392,390.9167420814481
2,1292,391,391.4977375565612
2,1293,391,391.98280542986447
2,1294,393,392.5764705882353
2,1295,393,393.20633484162914
2,1296,394,393.80000000000007
2,1297,394,394.2850678733033
2,1298,395,394.93393665158374
2,1299,395,395.6190045248869
2,1300,397,396.2180995475115
2,1301,397,396.60904977375577
2,1302,397,397.01447963800916
2,1303,397,397.25701357466073
2,1304,397,397.3683257918553
2,1305,398,397.38009049773774
2,1306,398,397.4651583710408
2,1307,397,397.3963800904979
2,1308,397,397.4325791855206
2,1309,397,397.43257918552047
2,1310,397,397.39638009049787
2,1311,398,397.32398190045257
2,1312,398,397.2153846153848
2,1313,397,397.20904977375574
2,1314,397,397.31402714932136
2,1315,397,397.27149321266984
2,1316,397,397.2316742081449
2,1317,397,397.2859728506788
2,1318,397,397.0642533936653
2,1319,397,396.89140271493227
2,1320,397,396.4923076923078
2,1321,396,395.87149321266975
2,1322,396,395.03348416289606
2,1323,395,394.19185520362004
2,1324,392,393.16018099547523
2,1325,392,392.09954751131227
2,1326,390,390.971040723982
2,1327,390,389.9447963800907
2,1328,389,388.99095022624437
2,1329,389,388.0090497737558
2,1330,387,387.29864253393674
2,1331,387,387.0235294117648
2,1332,386,386.5321266968326
2,1333,386,386.0470588235296
2,1334,385,385.50226244343895
2,1335,385,385.16380090497756
2,1336,386,384.9592760180996
2,1337,386,384.7547511312218
2,1338,383,384.34570135746617
2,1339,383,383.927601809955
2,1340,384,383.41628959276034
2,1341,384,382.9276018099549
2,1342,383,382.36832579185534
2,1343,381,381.84524886877836
2,1344,381,381.46244343891414
2,1345,381,381.32398190045257
2,1346,381,381.05067873303176
2,1347,381,380.8633484162896
2,1348,381,380.8389140271494
2,1349,381,381.05429864253404
2,1350,381,381.4506787330318
2,1351,382,381.69230769230774
2,1352,382,381.77013574660646
2,1353,382,381.93393665158385
2,1354,382,382.156561085973
2,1355,383,382.41085972850686
2,1356,383,382.59909502262457
2,1357,382,382.8235294117649
2,1358,382,383.04796380090505
2,1359,384,383.3746606334842
2,1360,384,383.4941176470589
2,1361,384,383.76742081447975
2,1362,384,384.1402714932129
2,1363,385,384.62624434389147
2,1364,385,385.2389140271494
2,1365,385,385.71493212669685
2,1366,385,386.1909502262445
2,1367,388,386.8714932126698
2,1368,388,387.56108597285083
2,1369,388,388.1348416289594
2,1370,389,388.6678733031675
2,1371,389,389.164705882353
2,1372,390,389.62986425339375
2,1373,390,389.85882352941195
2,1374,390,390.0470588235295
2,1375,390,390.5285067873303
2,1376,391,391.0371040723983
2,1377,391,391.51855203619925
2,1378,392,392.05701357466074
2,1379,392,392.4660633484164
2,1380,394,392.96832579185536
2,1381,394,393.44796380090514
2,1382,394,393.7891402714934
2,1383,394,394.07601809954764
2,1384,394,394.46334841628965
2,1385,394,394.7058823529414
2,1386,395,394.83529411764715
2,1387,395,394.8832579185521
2,1388,395,395.0199095022626
2,1389,396,395.2153846153847
2,1390,396,395.4425339366516
2,1391,395,395.6742081447965
2,1392,395,395.81266968325804
2,1393,396,395.9601809954753
2,1394,396,396.219004524887
2,1395,397,396.4914027149323
2,1396,397,396.82081447963816
2,1397,397,397.1891402714932
2,1398,397,397.51674208144806
2,1399,398,397.656108597285
2,1400,398,397.65972850678736
2,1401,398,397.64796380090513
2,1402,398,397.54117647058837
2,1403,397,397.46877828054306
2,1404,397,397.4307692307693
2,1405,397,397.29773755656123
2,1406,397,397.0787330316743
2,1407,397,396.99185520362005
2,1408,397,396.8552036199095
2,1409,397,396.69592760180996
2,1410,397,396.5411764705883
2,1411,396,396.27963800904985
2,1412,396,396.0000000000001
2,1413,396,395.7203619909504
2,1414,395,395.4588235294119
2,1415,395,395.3040723981902
2,1416,395,395.1447963800907
2,1417,395,395.0081447963802
2,1418,395,394.9212669683259
2,1419,395,394.8434389140272
2,1420,395,394.73393665158386
2,1421,395,394.6199095022626
2,1422,394,394.53122171945716
2,1423,394,394.2977375565611
2,1424,394,393.95565610859734
2,1425,394,393.5411764705883
2,1426,393,393.0904977375566
2,1427,393,392.63981900452507
2,1428,393,392.2253393665159
2,1429,391,391.88325791855215
2,1430,391,391.65248868778286
2,1431,391,391.3719457013576
2,1432,391,391.1574660633486
2,1433,391,390.92488687782816
2,1434,391,390.66063348416304
2,1435,391,390.3511312217196
2,1436,391,390.1212669683259
2,1437,389,389.619004524887
2,1438,389,389.10135746606346
2,1439,388,388.4841628959276
2,1440,388,387.89230769230784
2,1441,387,387.25067873303175
2,1442,387,386.7638009049776
2,1443,386,386.23619909502264
2,1444,386,385.7493212669684
2,1445,385,385.10769230769245
2,1446,385,384.51583710407255
2,1447,384,383.89864253393677
2,1448,384,383.38099547511325
2,1449,382,382.8787330316743
2,1450,382,382.50769230769237
2,1451,382,382.1746606334843
2,1452,382,381.98642533936663
2,1453,382,381.84072398190057
2,1454,382,381.83529411764715
2,1455,382,381.7882352941178
2,1456,382,381.91764705882366
2,1457,382,382.0262443438915
2,1458,382,382.11674208144814
2,1459,382,382.11855203619916
2,1460,382,382.16108597285086
2,1461,382,382.23529411764724
2,1462,383,382.3321266968328
2,1463,383,382.3719457013576
2,1464,382,382.47511312217205
2,1465,382,382.694117647059
2,1466,383,382.7402714932128
2,1467,383,382.86334841628974
2,1468,383,382.9656108597286
2,1469,383,383.1493212669684
2,1470,384,383.516742081448
2,1471,384,383.97013574660656
2,1472,383,384.34389140271503
2,1473,385,384.460633484163
2,1474,385,384.8108597285069
2,1475,386,385.481447963801
2,1476,386,386.0298642533938
2,1477,386,386.42895927601825
2,1478,386,386.86063348416303
2,1479,386,387.1067873303168
2,1480,389,386.52579185520375
2,1481,389,386.35294117647084
2,1482,386,386.38371040723985
2,1483,386,386.69321266968336
2,1484,386,387.0153846153846
2,1485,385,387.55475113122185
2,1486,385,388.16832579185535
2,1487,392,388.9131221719459
2,1488,392,390.123076923077
2,1489,392,391.60271493212684
2,1490,392,392.7529411764707
2,1491,394,393.6425339366517
2,1492,394,394.32850678733035
2,1493,395,394.5203619909502
2,1494,395,394.3276018099549
2,1495,395,394.69049773755665
2,1496,394,394.94932126696835
2,1497,394,395.006334841629
2,1498,395,394.96380090497746
2,1499,395,394.99185520362
2,1500,396,395.060633484163
2,1501,396,395.35203619909515
2,1502,395,395.64796380090513
2,1503,395,395.8687782805431
2,1504,396,395.9963800904978
2,1505,396,396.0742081447965
2,1506,397,396.1429864253395
2,1507,397,396.2434389140272
2,1508,396,396.5574660633486
2,1509,396,396.8669683257919
2,1510,397,397.0244343891404
2,1511,397,397.08235294117657
2,1512,397,397.1610859728508
2,1513,398,397.1809954751133
2,1514,398,397.34208144796395
2,1515,397,397.4443438914029
2,1516,397,397.3583710407241
2,1517,397,397.15475113122193
2,1518,397,396.9719457013575
2,1519,397,396.7484162895928
2,1520,397,396.5638009049775
2,1521,396,396.4361990950228
2,1522,396,396.3221719457014
2,1523,396,396.11040723981904
2,1524,396,395.9601809954753
2,1525,396,395.7601809954753
2,1526,396,395.5375565610861
2,1527,395,395.31945701357483
2,1528,395,395.27420814479643
2,1529,395,395.0341423282598
2,1530,395,394.7782217782216
2,1531,394,394.5282495282493
2,1532,394,394.2878787878789
2,1533,394,393.9675990675992
2,1534,394,393.29797979797877
2,1535,392,392.30303030303037
2,1536,392,387.39457013574673
2,1537,393,388.4235294117648
2,1538,390,389.23529411764724
2,1539,390,389.8461538461539
2,1540,389,390.0723981900453
2,1541,389,389.93936651583715
2,1542,388,389.27239819004535
2,1543,388,387.96470588235303
2,1544,388,387.49411764705894
2,1545,388,387.4090497737558
2,1546,387,387.14841628959283
2,1547,387,386.96018099547524
2,1548,386,386.7420814479639
2,1549,386,386.52126696832596
2,1550,387,386.3158371040725
2,1551,387,386.2054298642535
2,1552,386,386.1990950226245
2,1553,386,386.37647058823546
2,1554,386,386.61990950226254
2,1555,386,386.75022624434393
2,1556,387,386.656108597285
2,1557,387,386.4262443438915
2,1558,387,386.21719457013586
2,1559,387,385.98552036199106
2,1560,386,385.76108597285076
2,1561,384,385.3737556561087
2,1562,384,384.85972850678746
2,1563,384,384.25520361990965
2,1564,384,383.7348416289594
2,1565,384,383.2733031674209
2,1566,384,382.9864253393666
2,1567,382,382.7900452488689
2,1568,382,382.5294117647061
2,1569,382,382.1728506787331
2,1570,382,381.87963800904976
2,1571,382,381.66787330316754
2,1572,382,381.55565610859753
2,1573,381,381.49049773755667
2,1574,381,381.61990950226266
2,1575,382,381.7466063348418
2,1576,382,381.8733031674209
2,1577,382,382.0000000000001
2,1578,382,382.1266968325793
2,1579,382,382.25339366515846
2,1580,383,382.3800904977376
2,1581,383,382.3683257918554
2,1582,382,382.2796380090499
2,1583,382,382.2434389140272
2,1584,382,382.1891402714933
2,1585,382,382.116742081448
2,1586,382,382.00840336134434
2,1587,382,381.956043956044
2,1588,382,382.014652014652
2,1589,382,382.0000000000003
2,1590,382,382.0
2,1591,382,381.9999999999994
2,1592,382,381.99999999999983
3,0,383,382.87330316742094
3,1,383,382.4180995475114
3,2,383,381.88325791855215
3,3,380,381.29592760181
3,4,380,380.7447963800907
3,5,380,380.45701357466066
3,6,380,380.2597285067875
3,7,380,380.1891402714934
3,8,380,380.1429864253396
3,9,381,380.1484162895928
3,10,381,380.36199095022636
3,11,381,380.38642533936655
3,12,380,380.42443438914034
3,13,380,380.46696832579187
3,14,380,380.5049773755657
3,15,380,380.52941176470597
3,16,381,380.53122171945705
3,17,381,380.6398190045249
3,18,381,380.78461538461556
3,19,381,380.96561085972866
3,20,381,381.044343891403
3,21,381,381.0823529411767
3,22,381,381.07058823529417
3,23,381,381.0000000000001
3,24,381,381.0000000000001
3,25,381,381.0000000000001
3,26,381,381.0000000000001
3,27,381,381.0705882352942
3,28,381,381.01176470588246
3,29,381,380.96199095022627
3,30,381,380.8506787330318
3,31,381,380.80723981900456
3,32,381,380.82262443438924
3,33,381,380.88778280543
3,34,380,380.9230769230769
3,35,381,381.04886877828056
3,36,381,381.1764705882354
3,37,382,381.41719457013585
3,38,382,381.74389140271506
3,39,382,382.1294117647061
3,40,382,382.5466063348418
3,41,383,382.9683257918553
3,42,383,383.22895927601826
3,43,384,383.0778280542988
3,44,384,383.1936651583711
3,45,384,383.6334841628961
3,46,384,384.25429864253397
3,47,384,384.9837104072401
3,48,384,386.1728506787332
3,49,384,387.11131221719467
3,50,390,387.6488687782807
3,51,390,388.0443438914027
3,52,390,388.1475113122173
3,53,390,388.0787330316744
3,54,390,387.7493212669685
3,55,384,387.12941176470594
3,56,384,386.4506787330316
3,57,385,385.6678733031674
3,58,385,385.56651583710425
3,59,386,385.66153846153856
3,60,386,386.0914027149322
3,61,387,386.9266968325793
3,62,389,388.03800904977385
3,63,389,388.5330316742082
3,64,389,388.91945701357463
3,65,389,389.28144796380093
3,66,390,389.50316742081463
3,67,390,389.74841628959285
3,68,389,389.78099547511323
3,69,389,389.64162895927615
3,70,390,389.6479638009051
3,71,390,389.43800904977394
3,72,390,389.3909502262445
3,73,390,389.5411764705883
3,74,389,389.6497737556562
3,75,389,390.0162895927603
3,76,390,390.5276018099548
3,77,390,391.0705882352942
3,78,393,391.5266968325792
3,79,393,392.17737556561093
3,80,392,393.0298642533938
3,81,395,393.8914027149322
3,82,395,394.42805429864256
3,83,394,394.90588235294126
3,84,394,395.452488687783
3,85,397,395.7954751131222
3,86,397,396.2162895927603
3,87,396,396.5963800904978
3,88,396,396.68144796380096
3,89,398,397.0325791855205
3,90,398,397.40180995475123
3,91,397,397.61447963800913
3,92,397,397.7665158371042
3,93,398,398.09864253393687
3,94,398,398.3194570135748
3,95,399,398.4108597285069
3,96,399,398.4162895927604
3,97,399,398.5855203619911
3,98,399,398.7683257918554
3,99,398,398.81719457013594
3,100,398,398.78461538461545
3,101,399,398.79095022624443
3,102,399,398.75656108597303
3,103,399,398.8108597285069
3,104,399,398.8832579185522
3,105,399,398.9737556561089
3,106,399,399.0823529411767
3,107,399,399.07058823529434
3,108,399,399.0000000000001
3,109,399,398.92941176470606
3,110,399,398.9176470588236
3,111,399,399.0262443438917
3,112,399,399.116742081448
3,113,399,399.18914027149333
3,114,399,399.2434389140273
3,115,399,399.350226244344
3,116,400,399.3800904977377
3,117,400,399.34208144796406
3,118,399,399.3158371040726
3,119,399,399.1809954751133
3,120,399,398.8850678733033
3,121,399,398.57556561086
3,122,398,398.33212669683274
3,123,398,398.03438914027157
3,124,398,397.90950226244354
3,125,397,397.78461538461545
3,126,397,397.62805429864267
3,127,398,397.4081447963802
3,128,398,397.01990950226264
3,129,397,396.7583710407241
3,130,397,396.64434389140297
3,131,396,396.4986425339368
3,132,396,396.48959276018115
3,133,395,396.2470588235295
3,134,395,395.94841628959296
3,135,397,395.6389140271494
3,136,397,395.37285067873324
3,137,395,394.93665158371044
3,138,395,394.4552036199095
3,139,393,393.84434389140284
3,140,393,393.21990950226257
3,141,392,392.48868778280547
3,142,392,391.7574660633486
3,143,391,391.40995475113135
3,144,391,391.2298642533938
3,145,391,391.00361990950233
3,146,391,390.9176470588236
3,147,391,390.8108597285069
3,148,391,390.7221719457014
3,149,391,390.5493212669683
3,150,390,390.39004524886883
3,151,390,390.3447963800906
3,152,390,390.11402714932143
3,153,390,389.74298642533955
3,154,389,389.2769230769232
3,155,389,388.90226244343916
3,156,389,388.40542986425356
3,157,389,387.9203619909504
3,158,386,387.2425339366516
3,159,386,386.4352941176471
3,160,386,385.76199095022633
3,161,386,385.14751131221726
3,162,384,384.51674208144817
3,163,384,383.9945701357467
3,164,383,383.6352941176472
3,165,383,383.4932126696834
3,166,384,383.2778280542987
3,167,383,383.09864253393675
3,168,383,382.99185520362005
3,169,383,382.92307692307713
3,170,383,382.7809954751132
3,171,383,382.7158371040726
3,172,383,382.598190045249
3,173,382,382.4280542986425
3,174,382,382.47330316742097
3,175,382,382.52488687782807
3,176,383,382.5737556561087
3,177,383,382.7402714932126
3,178,383,383.07692307692304
3,179,383,383.43619909502274
3,180,384,383.73846153846165
3,181,384,383.96561085972866
3,182,384,384.2316742081449
3,183,385,384.3800904977376
3,184,385,384.460633484163
3,185,384,384.52307692307704
3,186,384,384.6199095022625
3,187,385,384.6036199095024
3,188,385,384.5330316742083
3,189,384,384.4669683257919
3,190,384,384.32579185520376
3,191,385,384.36832579185534
3,192,385,384.5149321266969
3,193,384,384.61809954751146
3,194,384,384.6597285067874
3,195,385,384.8895927601812
3,196,385,385.21900452488694
3,197,386,385.4914027149323
3,198,386,385.750226244344
3,199,386,386.1067873303168
3,200,386,386.47239819004534
3,201,387,386.69049773755665
3,202,387,386.8045248868779
3,203,387,386.92579185520367
3,204,387,386.96561085972854
3,205,387,386.9737556561087
3,206,387,387.0
3,207,387,387.09683257918556
3,208,387,387.1167420814481
3,209,387,387.1891402714934
3,210,387,387.2434389140273
3,211,387,387.20904977375574
3,212,388,387.2153846153848
3,213,388,387.25339366515846
3,214,387,387.3140271493213
3,215,387,387.31764705882364
3,216,387,387.4552036199096
3,217,387,387.57918552036216
3,218,388,387.6805429864255
3,219,388,387.75022624434393
3,220,388,387.9176470588237
3,221,388,388.11221719457035
3,222,389,388.1954751131223
3,223,388,388.2289592760182
3,224,388,388.2036199095023
3,225,388,388.11040723981915
3,226,388,388.07873303167423
3,227,388,388.0380090497739
3,228,388,387.98823529411766
3,229,388,387.929411764706
3,230,388,388.0000000000001
3,231,388,388.0000000000001
3,232,388,388.0000000000001
3,233,388,388.0000000000001
3,234,388,388.0000000000001
3,235,388,388.0000000000001
3,236,388,388.0000000000001
3,237,388,388.0000000000001
3,238,388,388.0000000000001
3,239,388,388.0000000000001
3,240,388,388.0000000000001
3,241,388,388.14117647058833
3,242,388,388.16470588235313
3,243,388,388.01809954751144
3,244,388,387.8488687782807
3,245,388,387.6660633484164
3,246,388,387.4787330316743
3,247,388,387.2959276018101
3,248,386,387.6208144796381
3,249,386,387.5738379267788
3,250,387,387.54845154845145
3,251,387,387.5425685425684
3,252,387,387.4790209790213
3,253,387,387.03426573426594
3,254,387,385.27272727272634
3,255,380,380.71212121212125
3,256,380,382.1131221719458
3,257,380,382.20723981900466
3,258,381,382.58009049773756
3,259,381,382.9457013574662
3,260,386,383.356561085973
3,261,386,383.9330316742083
3,262,385,384.6660633484164
3,263,385,385.41719457013585
3,264,386,385.6325791855205
3,265,385,385.5583710407241
3,266,385,385.22624434389155
3,267,385,384.6678733031675
3,268,385,384.6099547511314
3,269,384,384.57918552036205
3,270,384,384.5257918552037
3,271,384,384.40000000000015
3,272,384,384.358371040724
3,273,385,384.21900452488705
3,274,385,384.0705882352943
3,275,384,383.9312217194572
3,276,384,383.88959276018113
3,277,383,383.6959276018101
3,278,383,383.43891402714945
3,279,383,383.13665158371043
3,280,383,382.8072398190046
3,281,383,382.60723981900475
3,282,383,382.42262443438926
3,283,382,382.2714932126697
3,284,382,382.30407239819027
3,285,382,382.26153846153846
3,286,382,382.2235294117648
3,287,382,382.19909502262453
3,288,382,382.19728506787334
3,289,383,382.22714932126706
3,290,383,382.2977375565612
3,291,382,382.2796380090499
3,292,382,382.2434389140272
3,293,382,382.1891402714933
3,294,382,382.116742081448
3,295,382,382.02624434389145
3,296,382,381.9176470588237
3,297,382,381.929411764706
3,298,382,382.0000000000002
3,299,382,382.14117647058833
3,300,382,382.1647058823531
3,301,382,382.0180995475115
3,302,382,381.84886877828063
3,303,382,381.66606334841623
3,304,382,381.40814479638027
3,305,382,381.2135746606335
3,306,380,381.0823529411766
3,307,380,381.01447963800916
3,308,381,381.00995475113126
3,309,381,381.06877828054303
3,310,381,381.19095022624447
3,311,382,381.3764705882354
3,312,382,381.6253393665159
3,313,382,381.93755656108607
3,314,382,382.03619909502265
3,315,382,382.0443438914029
3,316,382,382.15294117647073
3,317,382,382.1529411764707
3,318,382,382.0443438914028
3,319,382,381.96561085972866
3,320,382,381.78461538461545
3,321,382,381.7104072398191
3,322,382,381.6135746606336
3,323,381,381.43257918552047
3,324,381,381.30588235294135
3,325,381,381.23348416289605
3,326,381,381.2153846153848
3,327,382,381.1809954751132
3,328,381,381.2597285067874
3,329,381,381.5131221719459
3,330,382,381.80271493212683
3,331,382,381.9194570135747
3,332,382,382.05429864253404
3,333,382,382.1891402714935
3,334,383,382.30588235294124
3,335,383,382.5248868778281
3,336,382,382.6280542986427
3,337,382,382.6678733031675
3,338,383,382.7647058823529
3,339,383,382.76832579185526
3,340,383,382.79909502262456
3,341,383,382.83891402714937
3,342,383,383.0081447963802
3,343,383,383.22714932126706
3,344,383,383.3484162895929
3,345,383,383.3538461538463
3,346,384,383.4932126696835
3,347,384,383.67782805429863
3,348,384,383.8895927601811
3,349,384,384.1104072398191
3,350,384,384.3221719457014
3,351,384,384.5067873303168
3,352,385,384.6461538461539
3,353,385,384.7221719457015
3,354,385,384.8552036199095
3,355,385,384.9656108597286
3,356,385,384.97375565610866
3,357,385,385.00000000000006
3,358,385,385.02624434389156
3,359,385,385.03438914027157
3,360,385,385.0742081447965
3,361,385,385.1954751131222
3,362,385,385.45067873303185
3,363,386,385.6923076923078
3,364,386,385.7701357466064
3,365,386,385.9339366515839
3,366,386,386.15656108597295
3,367,387,386.4108597285069
3,368,387,386.6696832579187
3,369,386,386.83529411764715
3,370,386,387.0099547511313
3,371,388,387.2959276018102
3,372,388,387.5954751131223
3,373,388,387.9520361990952
3,374,388,388.2090497737558
3,375,388,388.4162895927603
3,376,389,388.6235294117648
3,377,389,388.6742081447965
3,378,389,388.6117647058825
3,379,389,388.68597285067875
3,380,388,388.74660633484183
3,381,388,388.85520361990956
3,382,389,388.873303167421
3,383,389,388.8009049773757
3,384,389,388.77647058823544
3,385,389,388.73846153846176
3,386,389,388.69592760181
3,387,389,388.65791855203634
3,388,388,388.49502262443445
3,389,388,388.2778280542987
3,390,388,388.2153846153848
3,391,388,388.11674208144797
3,392,388,388.0000000000001
3,393,388,387.8832579185521
3,394,388,387.8552036199095
3,395,388,387.8045248868779
3,396,388,387.5493212669684
3,397,387,387.30769230769243
3,398,387,387.0886877828055
3,399,387,386.90135746606353
3,400,387,386.8253393665159
3,401,386,386.74027149321284
3,402,386,386.6642533936653
3,403,387,386.61538461538476
3,404,387,386.6117647058824
3,405,387,386.53303167420825
3,406,387,386.45882352941175
3,407,386,386.39819004524895
3,408,386,386.4307692307693
3,409,386,386.29773755656123
3,410,386,386.07873303167423
3,411,386,385.92126696832594
3,412,386,385.7728506787331
3,413,386,385.65158371040735
3,414,386,385.57556561085977
3,415,385,385.4244343891404
3,416,385,385.2778280542987
3,417,385,385.14479638009067
3,418,385,385.03438914027157
3,419,385,385.02624434389145
3,420,385,385.00000000000006
3,421,385,384.90316742081455
3,422,385,384.8832579185522
3,423,385,384.8814479638009
3,424,385,384.83891402714937
3,425,385,384.69411764705904
3,426,384,384.58552036199103
3,427,384,384.58371040723995
3,428,385,384.5592760180997
3,429,385,384.52126696832596
3,430,384,384.54932126696843
3,431,384,384.5230769230771
3,432,385,384.460633484163
3,433,385,384.3800904977377
3,434,384,384.1610859728508
3,435,384,383.88325791855215
3,436,384,383.694117647059
3,437,383,383.54117647058837
3,438,383,383.3040723981901
3,439,383,383.06244343891416
3,440,383,383.03438914027157
3,441,383,383.03800904977385
3,442,383,382.9619909502264
3,443,383,382.8950226244345
3,444,383,382.78461538461545
3,445,383,382.639819004525
3,446,383,382.60180995475116
3,447,382,382.54117647058825
3,448,382,382.46696832579187
3,449,382,382.38823529411775
3,450,382,382.24343891402737
3,451,383,382.17104072398206
3,452,383,382.0298642533939
3,453,382,382.0787330316744
3,454,382,382.29954751131226
3,455,382,382.535746606335
3,456,382,382.8307692307694
3,457,383,383.22805429864263
3,458,383,383.57104072398204
3,459,385,384.0506787330319
3,460,385,384.45791855203623
3,461,385,384.65429864253394
3,462,385,384.7013574660635
3,463,385,384.4488687782807
3,464,384,384.14660633484164
3,465,384,383.9764705882353
3,466,383,383.7203619909503
3,467,383,383.716742081448
3,468,383,383.7040723981901
3,469,383,383.62986425339375
3,470,385,383.64162895927603
3,471,385,383.8190045248871
3,472,384,383.7619909502264
3,473,384,383.80904977375576
3,474,383,383.8832579185521
3,475,383,383.90769230769246
3,476,384,383.873303167421
3,477,384,383.77104072398197
3,478,383,383.93936651583726
3,479,385,384.11674208144814
3,480,385,384.11221719457035
3,481,384,384.1348416289594
3,482,384,384.116742081448
3,483,384,383.9900452488689
3,484,384,383.82262443438924
3,485,383,383.6823529411766
3,486,383,383.4307692307693
3,487,384,383.406334841629
3,488,384,383.406334841629
3,489,383,383.43076923076933
3,490,383,383.54117647058837
3,491,384,383.7285067873304
3,492,384,383.98371040723987
3,493,384,384.0886877828056
3,494,384,384.225339366516
3,495,385,384.5049773755656
3,496,385,384.8389140271494
3,497,385,385.1411764705883
3,498,385,385.3257918552037
3,499,385,385.4425339366517
3,500,386,385.5411764705883
3,501,386,385.60361990950236
3,502,386,385.61176470588254
3,503,386,385.6153846153847
3,504,385,385.6642533936653
3,505,385,385.6580478345183
3,506,386,385.6493506493506
3,507,386,385.76345876345874
3,508,386,386.03613053613077
3,509,386,386.4277389277389
3,510,387,386.78282828282755
3,511,387,387.10606060606057
3,512,388,386.185520361991
3,513,388,386.86244343891417
3,514,388,387.50316742081463
3,515,388,387.9330316742083
3,516,388,388.17737556561093
3,517,388,388.32941176470604
3,518,388,388.35294117647067
3,519,388,388.08235294117657
3,520,388,387.9737556561087
3,521,388,387.88325791855215
3,522,388,387.88144796380095
3,523,388,387.8389140271494
3,524,388,387.76470588235304
3,525,387,387.66787330316754
3,526,387,387.48687782805433
3,527,388,387.36018099547516
3,528,388,387.35837104072414
3,529,387,387.35203619909515
3,530,387,387.35022624434396
3,531,387,387.36199095022636
3,532,387,387.3963800904979
3,533,388,387.32398190045257
3,534,388,387.21538461538483
3,535,387,387.2796380090499
3,536,387,387.32579185520376
3,537,387,387.2334841628961
3,538,387,387.0823529411766
3,539,387,386.88144796380107
3,540,387,386.63981900452495
3,541,387,386.5049773755658
3,542,386,386.42443438914034
3,543,386,386.34841628959293
3,544,386,386.22714932126706
3,545,386,386.00814479638024
3,546,386,385.8389140271494
3,547,386,385.79909502262444
3,548,386,385.76832579185526
3,549,386,385.7647058823529
3,550,385,385.6678733031674
3,551,385,385.5574660633486
3,552,386,385.4425339366516
3,553,386,385.40271493212686
3,554,385,385.3176470588236
3,555,385,385.2054298642535
3,556,385,385.0841628959277
3,557,385,385.04253393665164
3,558,385,384.8307692307693
3,559,385,384.53755656108615
3,560,384,384.3194570135748
3,561,384,384.13303167420827
3,562,384,383.8669683257919
3,563,384,383.6099547511313
3,564,383,383.45067873303174
3,565,383,383.2778280542988
3,566,383,383.1891402714933
3,567,383,383.08235294117657
3,568,383,382.7846153846155
3,569,383,382.523076923077
3,570,383,382.31583710407256
3,571,382,382.1809954751131
3,572,382,381.998190045249
3,573,381,381.84705882352966
3,574,381,381.73665158371057
3,575,382,381.6760180995477
3,576,382,381.74479638009063
3,577,382,381.8226244343893
3,578,382,381.9276018099549
3,579,382,381.9393665158371
3,580,382,381.93755656108607
3,581,382,381.7927601809956
3,582,382,381.5755656108598
3,583,381,381.42443438914034
3,584,381,381.27782805429877
3,585,381,381.0742081447965
3,586,381,380.952036199095
3,587,381,380.9113122171946
3,588,381,380.95203619909523
3,589,381,381.0742081447965
3,590,381,381.2778280542987
3,591,381,381.42443438914034
3,592,382,381.5755656108599
3,593,382,381.72217194570146
3,594,382,381.8552036199096
3,595,382,381.8950226244345
3,596,382,381.96199095022644
3,597,382,381.96742081447974
3,598,382,382.0226244343893
3,599,382,382.1004524886879
3,600,382,382.3122171945702
3,601,382,382.56923076923096
3,602,383,382.8533936651585
3,603,383,383.14660633484186
3,604,384,383.4307692307694
3,605,384,383.68778280543006
3,606,384,383.97013574660645
3,607,384,384.1303167420815
3,608,384,384.0180995475115
3,609,384,383.88325791855215
3,610,384,383.8371040723983
3,611,384,383.79095022624443
3,612,384,383.9357466063349
3,613,383,384.0624434389141
3,614,383,384.1004524886879
3,615,385,384.17918552036207
3,616,385,384.219004524887
3,617,385,384.34027149321264
3,618,385,384.5248868778282
3,619,384,384.75475113122184
3,620,384,385.0823529411765
3,621,385,385.22171945701365
3,622,385,385.1547511312218
3,623,386,385.19909502262453
3,624,386,385.3339366515838
3,625,386,385.6117647058825
3,626,386,385.8850678733033
3,627,385,385.935746606335
3,628,385,385.94570135746613
3,629,386,386.0968325791856
3,630,387,386.1710407239819
3,631,387,386.22714932126706
3,632,386,386.32398190045257
3,633,386,386.5230769230769
3,634,387,386.6859728506789
3,635,387,386.60361990950236
3,636,386,386.4669683257919
3,637,386,386.3963800904979
3,638,387,386.45067873303174
3,639,387,386.5592760180996
3,640,386,386.58371040723995
3,641,386,386.58552036199114
3,642,387,386.7647058823531
3,643,387,386.9212669683258
3,644,387,386.7846153846155
3,645,387,386.6841628959277
3,646,387,386.8108597285069
3,647,387,386.95565610859745
3,648,387,386.9800904977377
3,649,386,386.9457013574662
3,650,386,387.0524886877829
3,651,388,387.1004524886878
3,652,388,387.09864253393675
3,653,387,387.0561085972853
3,654,387,386.98190045248884
3,655,387,386.8850678733032
3,656,387,386.9158371040725
3,657,386,386.6859728506788
3,658,386,386.4253393665159
3,659,386,386.1701357466065
3,660,386,385.83348416289607
3,661,386,385.33122171945723
3,662,386,384.7791855203621
3,663,384,383.9402714932127
3,664,384,383.37737556561086
3,665,382,382.9610859728508
3,666,382,382.76199095022633
3,667,382,382.8506787330318
3,668,382,383.09773755656124
3,669,382,382.73574660633494
3,670,386,383.19728506787345
3,671,386,383.9737556561088
3,672,386,385.427149321267
3,673,386,387.0244343891404
3,674,385,388.77104072398197
3,675,385,390.531221719457
3,676,396,392.1692307692308
3,677,396,393.54932126696855
3,678,398,395.08959276018106
3,679,397,396.40814479638016
3,680,397,397.4054298642535
3,681,397,397.9819004524888
3,682,397,397.9701357466064
3,683,397,397.2027149321267
3,684,397,397.1737556561087
3,685,397,396.977375565611
3,686,397,396.8995475113123
3,687,397,396.68778280543
3,688,397,396.43076923076933
3,689,396,396.14660633484164
3,690,396,395.8533936651586
3,691,395,395.56923076923084
3,692,395,395.31221719457034
3,693,395,395.17104072398195
3,694,395,395.03438914027174
3,695,395,394.929411764706
3,696,395,394.8832579185521
3,697,395,394.85520361990956
3,698,395,394.804524886878
3,699,395,394.69049773755665
3,700,394,394.4723981900454
3,701,394,394.38914027149326
3,702,394,394.0796380090498
3,703,394,393.5276018099548
3,704,393,392.9167420814481
3,705,393,392.5746606334843
3,706,392,392.02895927601827
3,707,392,391.2904977375567
3,708,389,390.4316742081449
3,709,389,389.6570135746609
3,710,390,388.900452488688
3,711,390,388.3049773755656
3,712,386,387.675113122172
3,713,386,387.1538461538462
3,714,387,386.81628959276037
3,715,387,386.5375565610861
3,716,386,385.84253393665165
3,717,386,385.25610859728516
3,718,385,385.0941176470589
3,719,385,385.07239819004536
3,720,385,384.70045248868786
3,721,383,384.2877828054299
3,722,383,384.0705882352942
3,723,385,383.8850678733032
3,724,385,383.6380090497739
3,725,383,383.4361990950227
3,726,383,383.2479638009052
3,727,383,383.0416289592761
3,728,383,382.8533936651584
3,729,382,382.4425339366518
3,730,382,381.89773755656114
3,731,382,381.6434389140273
3,732,382,381.63619909502273
3,733,381,381.4968325791856
3,734,381,381.3846153846155
3,735,381,381.3176470588236
3,736,381,381.2434389140272
3,737,382,381.171040723982
3,738,382,381.171040723982
3,739,381,381.2434389140272
3,740,381,381.3882352941178
3,741,381,381.5375565610861
3,742,381,381.62352941176476
3,743,382,381.4343891402716
3,744,382,381.358371040724
3,745,382,381.5773755656109
3,746,382,381.87330316742083
3,747,382,381.9574660633485
3,748,381,382.1411764705884
3,749,381,382.31764705882364
3,750,384,382.58009049773773
3,751,384,383.0217194570136
3,752,383,383.535746606335
3,753,383,384.15656108597307
3,754,385,384.7185520361992
3,755,385,385.1239819004526
3,756,386,385.33665158371065
3,757,386,385.3113122171947
3,758,386,385.4769230769232
3,759,386,385.7239819004525
3,760,385,385.7366515837105
3,761,385,385.66116236704454
3,762,386,385.7902097902097
3,763,386,386.13719613719604
3,764,387,386.77156177156195
3,765,388,387.68135198135207
3,766,388,388.7070707070698
3,767,390,389.78787878787887
3,768,390,387.0868778280544
3,769,389,388.23891402714946
3,770,389,389.3701357466065
3,771,391,390.39004524886883
3,772,391,391.2696832579186
3,773,392,392.0479638009051
3,774,392,392.4932126696833
3,775,393,392.7149321266969
3,776,393,393.314932126697
3,777,394,393.6244343891404
3,778,394,393.798190045249
3,779,394,393.98823529411777
3,780,394,394.14660633484175
3,781,395,394.29592760181015
3,782,394,394.458823529412
3,783,394,394.72850678733033
3,784,395,394.9981900452489
3,785,395,395.2995475113123
3,786,396,395.66425339366526
3,787,396,396.12669683257934
3,788,397,396.5212669683259
3,789,397,396.88868778280556
3,790,397,397.13122171945713
3,791,397,397.2832579185521
3,792,398,397.4470588235296
3,793,398,397.52488687782824
3,794,397,397.62805429864267
3,795,397,397.6678733031676
3,796,398,397.69411764705904
3,797,398,397.7565610859729
3,798,398,397.90769230769246
3,799,398,398.00000000000017
3,800,398,398.162895927602
3,801,398,398.32579185520393
3,802,398,398.27963800904996
3,803,399,398.2153846153847
3,804,399,398.3239819004527
3,805,398,398.39638009049787
3,806,398,398.43257918552047
3,807,398,398.4325791855204
3,808,398,398.466968325792
3,809,399,398.40633484162913
3,810,399,398.25972850678744
3,811,398,398.17466063348445
3,812,398,398.0986425339368
3,813,398,397.9113122171946
3,814,398,397.762895927602
3,815,397,397.53303167420825
3,816,397,397.31040723981926
3,817,397,397.12217194570144
3,818,397,396.9339366515838
3,819,397,396.6434389140273
3,820,397,396.34841628959293
3,821,396,396.21719457013586
3,822,396,396.01809954751144
3,823,395,395.7285067873304
3,824,395,395.3257918552037
3,825,395,394.92579185520367
3,826,395,394.44434389140275
3,827,395,394.006334841629
3,828,393,393.5366515837105
3,829,393,393.10135746606346
3,830,392,392.56651583710425
3,831,392,391.86606334841645
3,832,391,391.13393665158384
3,833,391,390.50407239819015
3,834,390,389.9104072398191
3,835,390,389.49592760181014
3,836,388,388.92669683257924
3,837,388,388.40723981900476
3,838,388,387.8624434389141
3,839,388,387.4171945701359
3,840,387,386.9873303167422
3,841,387,386.68868778280563
3,842,386,386.4280542986427
3,843,386,386.4533936651585
3,844,386,386.1945701357468
3,845,386,385.95837104072405
3,846,386,385.9131221719458
3,847,386,385.8271493212671
3,848,386,385.6072398190047
3,849,386,385.3601809954752
3,850,384,385.0542986425339
3,851,385,384.65791855203634
3,852,385,384.2072398190046
3,853,383,383.7384615384618
3,854,383,383.35837104072414
3,855,383,382.97375565610866
3,856,383,382.62986425339386
3,857,382,382.3719457013575
3,858,382,381.9683257918553
3,859,382,381.7257918552037
3,860,382,381.6099547511313
3,861,381,381.3800904977377
3,862,381,380.4895927601812
3,863,381,380.2506787330318
3,864,381,380.59095022624456
3,865,381,381.29954751131237
3,866,381,382.3656108597285
3,867,381,384.34298642533946
3,868,381,385.98552036199095
3,869,391,387.154751131222
3,870,391,387.9122171945702
3,871,391,388.2488687782806
3,872,391,388.1556561085974
3,873,391,387.4823529411766
3,874,382,386.47873303167427
3,875,382,385.1882352941177
3,876,382,383.45429864253407
3,877,382,382.6434389140273
3,878,382,382.1221719457015
3,879,382,381.89230769230784
3,880,384,382.1556561085974
3,881,384,382.9755656108599
3,882,383,383.1692307692309
3,883,383,383.35384615384635
3,884,383,383.3701357466064
3,885,383,383.4588235294119
3,886,384,383.58371040724
3,887,384,383.70859728506804
3,888,384,384.07420814479656
3,889,384,384.52126696832596
3,890,384,384.6814479638011
3,891,386,384.9864253393666
3,892,386,385.38190045248876
3,893,386,385.81357466063366
3,894,386,386.2244343891403
3,895,386,386.75746606334855
3,896,386,387.4199095022626
3,897,389,388.01900452488695
3,898,389,388.28868778280554
3,899,389,388.83981900452494
3,900,389,389.6796380090499
3,901,391,390.3565610859728
3,902,391,390.6932126696834
3,903,390,390.91221719457013
3,904,390,390.9592760180996
3,905,393,391.1954751131223
3,906,393,391.31131221719465
3,907,390,391.4090497737557
3,908,390,391.38190045248876
3,909,392,391.60000000000014
3,910,392,391.89502262443443
3,911,392,392.1013574660634
3,912,392,392.2533936651585
3,913,393,392.6597285067874
3,914,393,393.2289592760182
3,915,394,393.3864253393667
3,916,394,393.55746606334856
3,917,394,394.02624434389156
3,918,394,394.47692307692324
3,919,394,394.80271493212683
3,920,395,395.0968325791856
3,921,395,395.523076923077
3,922,397,395.84524886877836
3,923,397,396.1040723981901
3,924,396,396.410859728507
3,925,396,396.60904977375577
3,926,397,396.6099547511314
3,927,397,396.5248868778281
3,928,396,396.4651583710409
3,929,396,396.342081447964
3,930,397,396.4144796380091
3,931,396,396.5411764705883
3,932,396,396.58371040723995
3,933,397,396.60361990950236
3,934,397,396.7303167420816
3,935,397,396.8932126696833
3,936,397,396.9538461538462
3,937,397,396.9737556561087
3,938,397,397.1529411764707
3,939,397,397.1529411764708
3,940,397,397.04434389140295
3,941,397,396.96561085972866
3,942,397,396.8552036199097
3,943,397,396.86334841628985
3,944,397,396.7402714932128
3,945,396,396.44253393665167
3,946,396,396.1266968325792
3,947,396,395.8108597285069
3,948,396,395.5131221719458
3,949,396,395.18099547511326
3,950,394,394.9619909502263
3,951,394,394.9357466063349
3,952,395,394.9819004524888
3,953,395,394.9095022624436
3,954,395,394.9276018099549
3,955,395,395.24796380090515
3,956,396,395.4823529411766
3,957,396,395.6579185520364
3,958,395,395.5248868778281
3,959,395,395.3040723981902
3,960,396,395.01357466063365
3,961,396,394.46877828054306
3,962,393,393.95565610859745
3,963,393,393.62443438914045
3,964,393,393.43438914027166
3,965,393,393.22171945701365
3,966,392,392.9638009049776
3,967,392,392.63800904977387
3,968,394,392.5692307692309
3,969,394,392.4823529411765
3,970,392,392.0343891402717
3,971,391,391.4823529411766
3,972,391,390.8714932126697
3,973,390,390.2470588235295
3,974,390,389.4452488687784
3,975,388,388.702262443439
3,976,388,388.39276018099565
3,977,388,388.2914027149324
3,978,388,388.1049773755657
3,979,388,388.00180995475114
3,980,388,388.07058823529417
3,981,389,388.2615384615386
3,982,389,388.5248868778281
3,983,388,388.6723981900453
3,984,388,388.7158371040725
3,985,389,388.7348416289594
3,986,389,388.6090497737558
3,987,389,388.4271493212671
3,988,388,388.07782805429883
3,989,388,387.7266968325793
3,990,387,387.33936651583724
3,991,387,386.88416289592766
3,992,386,386.329411764706
3,993,386,385.9909502262444
3,994,385,385.5846153846156
3,995,385,385.17375565610865
3,996,385,384.68325791855216
3,997,385,384.2380090497739
3,998,384,383.7538461538463
3,999,384,383.4171945701358
3,1000,382,383.00542986425353
3,1001,382,382.5638009049775
3,1002,382,382.1285067873304
3,1003,382,381.79728506787336
3,1004,382,381.5266968325794
3,1005,382,381.4733031674209
3,1006,381,381.51674208144806
3,1007,381,381.7366515837104
3,1008,382,381.8651583710408
3,1009,382,382.03438914027157
3,1010,382,382.1647058823531
3,1011,383,382.37647058823535
3,1012,383,382.58099547511324
3,1013,383,382.889592760181
3,1014,383,383.0660633484165
3,1015,383,383.2742081447966
3,1016,383,383.5366515837104
3,1017,384,383.81494975612594
3,1018,384,384.1728271728271
3,1019,385,384.67476967476955
3,1020,385,385.23776223776247
3,1021,386,385.7958041958041
3,1022,386,386.3030303030295
3,1023,387,386.93939393939405
3,1024,387,385.96380090497746
3,1025,388,386.633484162896
3,1026,388,387.3257918552037
3,1027,388,387.8570135746607
3,1028,388,388.24343891402725
3,1029,388,388.49864253393673
3,1030,388,388.6361990950226
3,1031,389,388.53122171945705
3,1032,389,388.6742081447966
3,1033,389,388.88506787330317
3,1034,389,389.19547511312226
3,1035,389,389.49864253393673
3,1036,390,389.88778280543
3,1037,390,390.1764705882354
3,1038,391,390.5782805429866
3,1039,391,391.23891402714935
3,1040,392,391.9040723981902
3,1041,392,392.3873303167421
3,1042,393,392.90226244343893
3,1043,393,393.38552036199104
3,1044,395,393.91221719457025
3,1045,395,394.3574660633485
3,1046,394,394.8760180995477
3,1047,394,395.2226244343893
3,1048,396,395.42895927601825
3,1049,396,395.5266968325793
3,1050,396,395.54751131221735
3,1051,396,395.52307692307704
3,1052,396,395.6235294117649
3,1053,395,395.8190045248869
3,1054,395,395.94389140271517
3,1055,396,396.03257918552043
3,1056,396,396.25520361990965
3,1057,397,396.58190045248887
3,1058,397,396.9855203619911
3,1059,398,397.4389140271495
3,1060,398,397.91493212669695
3,1061,398,398.24796380090527
3,1062,398,398.47239819004534
3,1063,399,398.69049773755677
3,1064,399,398.80452488687797
3,1065,399,398.9257918552038
3,1066,399,398.9656108597286
3,1067,399,400.1737556561088
3,1068,399,400.47058823529426
3,1069,399,399.8624434389142
3,1070,399,398.494117647059
3,1071,399,396.1547511312219
3,1072,399,393.833484162896
3,1073,399,391.0561085972851
3,1074,383,388.94841628959296
3,1075,382,387.52850678733034
3,1076,382,386.8144796380093
3,1077,382,386.8244343891402
3,1078,389,387.71764705882373
3,1079,389,389.2533936651585
3,1080,397,391.4678733031675
3,1081,397,394.3972850678735
3,1082,397,396.00361990950233
3,1083,397,396.91040723981905
3,1084,397,397.01809954751144
3,1085,395,396.35656108597294
3,1086,395,395.998190045249
3,1087,395,395.01538461538473
3,1088,395,394.2859728506789
3,1089,393,393.6877828054299
3,1090,393,393.5303167420815
3,1091,394,393.323076923077
3,1092,394,393.12941176470594
3,1093,391,392.73574660633494
3,1094,391,392.3990950226246
3,1095,394,392.03529411764725
3,1096,394,391.6986425339368
3,1097,390,391.16651583710416
3,1098,390,390.6162895927603
3,1099,390,390.3638009049775
3,1100,390,390.12488687782815
3,1101,389,389.5475113122173
3,1102,389,388.87963800905004
3,1103,389,388.85520361990956
3,1104,389,388.8081447963802
3,1105,389,388.0723981900454
3,1106,387,387.38190045248876
3,1107,387,386.9846153846155
3,1108,387,386.5285067873304
3,1109,387,385.8678733031675
3,1110,383,385.39819004524907
3,1111,383,384.9058823529413
3,1112,386,384.4542986425342
3,1113,386,384.10678733031693
3,1114,383,383.64977375565616
3,1115,383,383.2696832579187
3,1116,384,383.08235294117657
3,1117,382,383.0036199095023
3,1118,382,382.53393665158376
3,1119,382,381.97375565610866
3,1120,382,381.68597285067875
3,1121,382,381.633484162896
3,1122,382,381.43710407239826
3,1123,381,381.3176470588236
3,1124,381,381.42262443438926
3,1125,381,381.42262443438926
3,1126,381,381.45882352941186
3,1127,382,381.5312217194571
3,1128,382,381.49864253393673
3,1129,382,381.6904977375567
3,1130,382,381.9592760180997
3,1131,382,382.0162895927603
3,1132,382,382.1728506787332
3,1133,382,382.3927601809956
3,1134,382,382.63981900452507
3,1135,384,382.94570135746625
3,1136,383,383.34208144796384
3,1137,383,383.79276018099563
3,1138,385,384.2615384615385
3,1139,385,384.571040723982
3,1140,385,384.943891402715
3,1141,385,385.32579185520365
3,1142,386,385.6624434389142
3,1143,386,386.1764705882354
3,1144,386,386.5520361990951
3,1145,386,386.74389140271506
3,1146,388,387.11312217194586
3,1147,388,387.4117647058826
3,1148,388,387.7330316742083
3,1149,388,387.89049773755653
3,1150,388,388.23619909502276
3,1151,388,388.57466063348426
3,1152,389,388.91040723981905
3,1153,389,389.3095022624435
3,1154,390,389.9764705882354
3,1155,390,390.7158371040725
3,1156,392,391.4027149321268
3,1157,392,392.1122171945703
3,1158,393,392.71040723981906
3,1159,394,393.26334841628966
3,1160,394,393.83710407239823
3,1161,394,394.2977375565612
3,1162,394,394.7203619909503
3,1163,395,394.98009049773765
3,1164,395,395.1583710407241
3,1165,396,395.33665158371053
3,1166,396,395.5990950226247
3,1167,396,395.9683257918554
3,1168,396,397.1140271493214
3,1169,396,397.85882352941184
3,1170,396,397.7484162895929
3,1171,398,397.02081447963815
3,1172,398,395.71402714932145
3,1173,398,394.07511312217207
3,1174,398,392.15113122171954
3,1175,387,390.05972850678745
3,1176,383,387.9185520361993
3,1177,383,385.9158371040725
3,1178,383,384.03981900452493
3,1179,383,382.69411764705893
3,1180,383,381.8823529411766
3,1181,383,381.7493212669685
3,1182,383,382.43981900452496
3,1183,383,382.64615384615394
3,1184,382,382.50678733031685
3,1185,382,382.32217194570154
3,1186,382,382.1104072398191
3,1187,382,381.9601809954752
3,1188,382,381.7601809954753
3,1189,382,381.53755656108615
3,1190,381,381.3194570135748
3,1191,381,381.1330316742083
3,1192,381,380.86696832579196
3,1193,381,380.6099547511314
3,1194,380,380.30950226244363
3,1195,380,380.11312217194575
3,1196,380,379.9592760180996
3,1197,380,379.9864253393667
3,1198,380,380.05610859728523
3,1199,380,380.2298642533938
3,1200,380,380.4986425339368
3,1201,381,380.8533936651586
3,1202,381,381.1466063348417
3,1203,382,381.43076923076933
3,1204,382,381.6877828054301
3,1205,382,381.8995475113123
3,1206,382,381.977375565611
3,1207,382,382.03257918552055
3,1208,382,382.10859728506796
3,1209,382,382.1873303167422
3,1210,382,382.11855203619916
3,1211,382,382.16108597285086
3,1212,382,382.23529411764724
3,1213,383,382.3321266968328
3,1214,383,382.4425339366517
3,1215,382,382.55746606334856
3,1216,382,382.73846153846165
3,1217,383,382.8470588235294
3,1218,383,382.8126696832579
3,1219,383,382.76470588235304
3,1220,383,382.69411764705893
3,1221,383,382.73031674208164
3,1222,383,382.8027149321267
3,1223,382,382.70226244343905
3,1224,382,382.6199095022626
3,1225,383,382.67601809954766
3,1226,383,382.7909502262445
3,1227,383,382.8850678733033
3,1228,383,383.07873303167435
3,1229,383,383.4244343891404
3,1230,384,383.77466063348425
3,1231,384,383.9819004524888
3,1232,384,384.09864253393675
3,1233,384,384.1746606334843
3,1234,385,384.2597285067874
3,1235,385,384.335746606335
3,1236,384,384.3846153846154
3,1237,384,384.38823529411775
3,1238,384,384.4669683257919
3,1239,384,384.54117647058837
3,1240,385,384.60180995475133
3,1241,385,384.56923076923084
3,1242,385,384.7022624434391
3,1243,385,384.9918552036199
3,1244,385,385.09049773755663
3,1245,385,385.1891402714934
3,1246,385,385.2696832579186
3,1247,385,385.3140271493213
3,1248,386,385.44253393665156
3,1249,386,385.5755656108599
3,1250,385,385.7040723981902
3,1251,386,385.8190045248871
3,1252,386,385.9113122171946
3,1253,386,385.97194570135764
3,1254,386,385.921266968326
3,1255,386,385.87963800904987
3,1256,386,385.96742081447974
3,1257,386,386.10497737556574
3,1258,386,386.1447963800906
3,1259,386,386.27782805429877
3,1260,386,386.4950226244345
3,1261,387,386.6579185520362
3,1262,387,386.7665158371041
3,1263,387,386.8208144796382
3,1264,387,386.75022624434393
3,1265,387,386.6841628959276
3,1266,387,386.61357466063373
3,1267,386,386.5294117647061
3,1268,386,386.4932126696835
3,1269,386,386.5049773755657
3,1270,386,386.50316742081463
3,1271,387,386.4968325791857
3,1272,387,386.63619909502285
3,1273,387,386.74983839689685
3,1274,387,386.79220779220765
3,1275,386,386.6361416361415
3,1276,386,386.287878787879
3,1277,386,385.7885780885782
3,1278,386,385.2979797979788
3,1279,384,384.30303030303025
3,1280,384,383.7909502262445
3,1281,384,384.02805429864264
3,1282,383,384.30588235294135
3,1283,383,384.4769230769232
3,1284,386,384.5936651583711
3,1285,386,384.77647058823544
3,1286,385,385.0162895927603
3,1287,385,385.17466063348434
3,1288,385,385.1809954751132
3,1289,385,385.16470588235313
3,1290,385,385.0488687782805
3,1291,385,384.7565610859729
3,1292,385,384.764705882353
3,1293,384,384.750226244344
3,1294,384,384.53122171945716
3,1295,385,384.3257918552037
3,1296,385,384.1429864253394
3,1297,384,383.99185520361993
3,1298,384,383.9520361990952
3,1299,383,383.90316742081467
3,1300,383,383.9339366515839
3,1301,384,383.7945701357467
3,1302,384,383.50316742081446
3,1303,384,383.34570135746617
3,1304,384,383.34027149321287
3,1305,383,383.23710407239827
3,1306,383,383.12488687782826
3,1307,382,382.8832579185522
3,1308,382,382.59185520362
3,1309,383,382.4687782805431
3,1310,383,382.33212669683263
3,1311,382,382.20904977375574
3,1312,382,382.12669683257934
3,1313,382,381.9031674208146
3,1314,382,381.75656108597303
3,1315,382,381.62805429864267
3,1316,381,381.45882352941186
3,1317,381,381.3963800904978
3,1318,381,381.3882352941178
3,1319,381,381.3140271493213
3,1320,382,381.25339366515857
3,1321,382,381.2153846153847
3,1322,381,381.20904977375574
3,1323,381,381.2434389140273
3,1324,381,381.11855203619933
3,1325,381,381.0343891402716
3,1326,381,380.9819004524888
3,1327,381,380.95203619909523
3,1328,381,381.0742081447965
3,1329,381,381.2778280542987
3,1330,381,381.42443438914034
3,1331,382,381.5755656108599
3,1332,382,381.65158371040735
3,1333,382,381.7728506787331
3,1334,382,381.9918552036201
3,1335,382,382.1610859728507
3,1336,382,382.2009049773758
3,1337,382,382.2316742081449
3,1338,382,382.30588235294124
3,1339,383,382.41447963800914
3,1340,383,382.4868778280543
3,1341,382,382.52307692307704
3,1342,382,382.452488687783
3,1343,383,382.4045248868779
3,1344,383,382.37013574660637
3,1345,382,382.34027149321275
3,1346,382,382.30588235294124
3,1347,382,382.3257918552037
3,1348,382,382.4588235294119
3,1349,383,382.4868778280544
3,1350,383,382.59185520362007
3,1351,383,382.95565610859745
3,1352,383,383.36018099547516
3,1353,383,383.65791855203634
3,1354,384,383.9013574660634
3,1355,384,384.07239819004525
3,1356,385,384.1529411764707
3,1357,385,384.1927601809956
3,1358,384,384.24162895927617
3,1359,384,384.28144796380104
3,1360,384,384.29411764705895
3,1361,384,384.26153846153863
3,1362,384,384.3040723981902
3,1363,384,384.34208144796395
3,1364,385,384.50497737556566
3,1365,385,384.7221719457015
3,1366,385,384.7846153846155
3,1367,385,384.88325791855226
3,1368,385,385.0000000000001
3,1369,385,385.1167420814481
3,1370,385,385.21538461538466
3,1371,385,385.2778280542987
3,1372,385,385.4244343891405
3,1373,386,385.57556561085977
3,1374,386,385.72217194570135
3,1375,386,385.8552036199097
3,1376,386,385.9656108597287
3,1377,386,386.0443438914027
3,1378,386,386.0823529411765
3,1379,386,386.0705882352942
3,1380,386,386.00000000000006
3,1381,386,386.00000000000006
3,1382,386,386.00000000000006
3,1383,386,386.00000000000006
3,1384,386,386.0705882352942
3,1385,386,386.08235294117657
3,1386,386,385.97375565610866
3,1387,386,385.8832579185521
3,1388,386,385.8108597285068
3,1389,386,385.7565610859729
3,1390,386,385.7909502262444
3,1391,385,385.78461538461556
3,1392,385,385.7466063348417
3,1393,386,385.6859728506789
3,1394,386,385.6117647058824
3,1395,386,385.5330316742082
3,1396,386,385.45882352941186
3,1397,385,385.468778280543
3,1398,385,385.4425339366517
3,1399,385,385.25972850678744
3,1400,385,385.0000000000001
3,1401,385,384.7402714932128
3,1402,385,384.5574660633485
3,1403,385,384.460633484163
3,1404,384,384.4588235294119
3,1405,384,384.4932126696834
3,1406,384,384.5049773755658
3,1407,384,384.50316742081463
3,1408,385,384.49683257918565
3,1409,385,384.49502262443457
3,1410,385,384.50678733031674
3,1411,385,384.61176470588236
3,1412,384,384.5511312217196
3,1413,384,384.4045248868779
3,1414,384,384.2515837104073
3,1415,384,383.97194570135764
3,1416,384,383.6515837104074
3,1417,384,383.37647058823546
3,1418,383,383.1647058823531
3,1419,383,383.03438914027157
3,1420,383,382.935746606335
3,1421,382,382.819004524887
3,1422,382,382.70226244343905
3,1423,383,382.6036199095024
3,1424,383,382.5411764705883
3,1425,383,382.5330316742083
3,1426,383,382.45882352941186
3,1427,382,382.398190045249
3,1428,382,382.3601809954752
3,1429,382,382.2153846153847
3,1430,382,382.1049773755657
3,1431,382,382.03800904977385
3,1432,382,381.9619909502265
3,1433,382,381.8244343891403
3,1434,382,381.7728506787331
3,1435,382,381.67782805429886
3,1436,382,381.60995475113134
3,1437,381,381.56923076923084
3,1438,381,381.55565610859736
3,1439,381,381.56923076923096
3,1440,382,381.60995475113134
3,1441,382,381.6778280542987
3,1442,382,381.7728506787331
3,1443,382,381.8244343891403
3,1444,382,381.96199095022644
3,1445,382,382.03800904977385
3,1446,382,382.10497737556574
3,1447,382,382.14479638009055
3,1448,382,382.2778280542987
3,1449,382,382.4244343891404
3,1450,383,382.57556561085977
3,1451,383,382.72217194570146
3,1452,383,382.78461538461556
3,1453,383,382.88325791855215
3,1454,383,383.0
3,1455,383,383.116742081448
3,1456,383,383.14479638009067
3,1457,383,383.1954751131223
3,1458,383,383.38009049773774
3,1459,384,383.60995475113134
3,1460,384,383.8669683257919
3,1461,384,384.1330316742082
3,1462,384,384.3900452488689
3,1463,385,384.6199095022625
3,1464,385,384.80452488687797
3,1465,385,384.9257918552036
3,1466,385,384.89502262443443
3,1467,385,384.96199095022627
3,1468,385,385.10859728506796
3,1469,385,385.1167420814481
3,1470,385,385.1067873303168
3,1471,385,385.1285067873305
3,1472,385,385.231674208145
3,1473,386,385.39819004524895
3,1474,386,385.6805429864254
3,1475,385,385.931221719457
3,1476,386,385.92941176470595
3,1477,386,386.0542986425341
3,1478,387,386.4108597285068
3,1479,387,386.70407239819014
3,1480,387,386.9864253393666
3,1481,386,387.2488687782807
3,1482,386,387.420814479638
3,1483,389,387.3638009049775
3,1484,389,387.2778280542988
3,1485,387,387.09230769230777
3,1486,387,386.94570135746625
3,1487,386,386.7764705882355
3,1488,386,386.52307692307704
3,1489,386,386.18552036199105
3,1490,386,385.9665158371042
3,1491,386,386.0135746606336
3,1492,386,386.0099547511313
3,1493,386,385.9737556561087
3,1494,386,386.116742081448
3,1495,387,386.17104072398206
3,1496,387,386.20723981900466
3,1497,385,386.29592760181
3,1498,385,386.30769230769255
3,1499,387,386.25158371040726
3,1500,387,386.13665158371055
3,1501,386,385.9719457013576
3,1502,386,385.7665158371042
3,1503,386,385.7384615384617
3,1504,385,385.70588235294133
3,1505,385,385.41900452488704
3,1506,385,385.02805429864253
3,1507,385,384.88959276018113
3,1508,385,384.7601809954752
3,1509,385,384.53755656108615
3,1510,384,384.3194570135748
3,1511,384,384.13303167420827
3,1512,384,383.8669683257919
3,1513,384,383.6099547511313
3,1514,383,383.38009049773774
3,1515,383,383.2660633484164
3,1516,383,383.1565610859729
3,1517,383,383.0081447963802
3,1518,383,382.83891402714937
3,1519,383,382.7285067873304
3,1520,383,382.68597285067887
3,1521,383,382.72036199095027
3,1522,382,382.77285067873316
3,1523,382,382.7846153846155
3,1524,383,382.8352941176471
3,1525,383,382.80452488687797
3,1526,383,382.7104072398191
3,1527,383,382.57104072398204
3,1528,383,382.40452488687794
3,1529,382,382.19539284245144
3,1530,382,381.7902097902096
3,1531,381,381.37451437451415
3,1532,381,381.0186480186482
3,1533,381,380.81748251748246
3,1534,381,380.87373737373656
3,1535,381,381.03030303030295
3,1536,381,382.5547511312218
3,1537,382,382.2660633484165
3,1538,382,382.04977375565625
3,1539,382,381.78552036199113
3,1540,382,381.5529411764707
3,1541,381,381.49954751131236
3,1542,381,381.5728506787332
3,1543,382,381.72036199095027
3,1544,382,381.6742081447965
3,1545,382,381.8371040723983
3,1546,382,382.00000000000006
3,1547,382,382.162895927602
3,1548,382,382.3257918552039
3,1549,382,382.350226244344
3,1550,383,382.2977375565613
3,1551,383,382.2977375565612
3,1552,382,382.2796380090499
3,1553,382,382.2434389140272
3,1554,382,382.1891402714933
3,1555,382,382.116742081448
3,1556,382,382.02624434389145
3,1557,382,381.9176470588237
3,1558,382,381.929411764706
3,1559,382,382.0000000000002
3,1560,382,382.0000000000002
3,1561,382,381.929411764706
3,1562,382,381.91764705882366
3,1563,382,382.0262443438915
3,1564,382,382.11674208144814
3,1565,382,382.11855203619916
3,1566,382,382.16108597285086
3,1567,382,382.16470588235313
3,1568,383,382.24977375565624
3,1569,383,382.468778280543
3,1570,382,382.6036199095024
3,1571,382,382.7746606334842
3,1572,383,382.96380090497746
3,1573,383,383.1529411764707
3,1574,384,383.32398190045257
3,1575,384,383.45882352941186
3,1576,383,383.67782805429874
3,1577,384,383.9013574660634
3,1578,384,384.0524886877829
3,1579,384,384.05429864253404
3,1580,384,383.9656108597286
3,1581,384,383.84524886877836
3,1582,384,383.8226244343892
3,1583,384,383.76981841687694
3,1584,384,383.6163836163836
3,1585,383,383.51792651792636
3,1586,383,383.46037296037315
3,1587,384,383.5109557109558
3,1588,384,383.7575757575749
3,1589,384,384.16666666666674
